-3.1715678 0
-3.054979 0
-2.9383903 0
-2.8218015 0
-2.7052127 0
-2.5886239 0
-2.4720351 0
-2.3554463 0
-2.2388575 0
-2.1222687 0
-2.0056799 0
-1.8890912 0
-1.7725024 0
-1.6559136 0
-1.5393248 0
-1.422736 0
-1.3061472 0
-1.1895584 0.0006244098
-1.0729696 0.0032454655
-0.95638085 0.006021003
-0.83979206 0.0069568693
-0.72320327 0.0076842464
-0.60661448 0.0081033803
-0.49002569 0.0077966745
-0.37343691 0.0060435882
-0.25684812 0.0046614016
-0.14025933 0.0042639843
-0.023670541 0.0042330841
0.092918248 0.004322126
0.20950704 0.0045443795
0.32609582 0.0052986978
0.44268461 0.0069285916
0.5592734 0.0083653657
0.67586219 0.010924823
0.79245098 0.01326056
0.90903977 0.011606579
1.0256286 0.012033413
1.1422173 0.019543027
1.2588061 0.029242091
1.3753949 0.042247467
1.4919837 0.058470736
1.6085725 0.052447099
1.7251613 0.055075149
1.8417501 0.069072794
1.9583389 0.10805762
2.0749277 0.097607694
2.1915164 0.092417415
2.3081052 0.11761818
2.424694 0.10406387
2.5412828 0.052107601
2.6578716 0.097342806
2.7744604 0.076654922
2.8910492 0.075457284
3.007638 0.093252644
3.1242267 0.13132816
3.2408155 0.11038574
3.3574043 0.15352398
3.4739931 0.11203391
3.5905819 0.10088242
3.7071707 0.072762468
3.8237595 0.10311355
3.9403483 0.1124035
4.0569371 0.17029449
4.1735258 0.14908194
4.2901146 0.45017652
4.4067034 0.26190365
4.5232922 0.11674969
4.639881 0.19351281
4.7564698 0.2025908
4.8730586 0.13891573
4.9896474 0.16497359
5.1062361 0.34481937
5.2228249 0.29061264
5.3394137 0.16796476
5.4560025 0.23521475
5.5725913 0.30184317
5.6891801 0.33047527
5.8057689 0.11493805
5.9223577 0.15546244
6.0389465 0.31600244
6.1555352 0.32255621
6.272124 0.22016222
6.3887128 0.29305359
6.5053016 0.35781948
6.6218904 0.23730115
6.7384792 0.16842944
6.855068 0.10816622
6.9716568 0.11445376
7.0882456 0.11246301
7.2048343 0.084256263
7.3214231 0.11649894
7.4380119 0.053416212
7.5546007 0.086575003
7.6711895 0.072607277
7.7877783 0.098755989
7.9043671 0.082184249
8.0209559 0.13421942
8.1375446 0.21374102
8.2541334 0.086290273
8.3707222 0.13899613
8.487311 0.13576807
8.6038998 0.08566827
8.7204886 0.051684604
8.8370774 0.021913504
8.9536662 0.021619445
9.070255 0.016358911
9.1868437 0.02039071
9.3034325 0.036153905
9.4200213 0
9.5366101 0.07816104
9.6531989 0.082006846
9.7697877 0.19738483
9.8863765 0.01692767
10.002965 0.028676722
10.119554 0.045326641
10.236143 0.075916344
10.352732 0.14355081
10.46932 0.12814518
10.585909 0.15668872
10.702498 0.1627598
10.819087 0.14522239
10.935676 0.1675657
11.052264 0
11.168853 0.021595422
11.285442 0.14210987
11.402031 0.59881023
11.51862 0.31305132
11.635208 0.15203934
11.751797 0.75307605
11.868386 0.3508278
11.984975 0.021723283
12.101563 0.4527399
12.218152 0.21325148
12.334741 0.46535133
12.45133 0.89330428
12.567919 0.3670815
12.684507 0.1949423
12.801096 0.52436986
12.917685 0.20085554
13.034274 0.15592892
13.150863 0.24818182
13.267451 0.38438791
13.38404 0.15612548
13.500629 0.12102739
13.617218 0.42292346
13.733806 0.36434248
13.850395 0.28757751
13.966984 0.22694507
14.083573 0.094054028
14.200162 0.018814944
14.31675 0
14.433339 0
14.549928 0
14.666517 1.5476274
14.783106 1.1634935
14.899694 0
15.016283 0
15.132872 0
15.249461 0
15.36605 0
15.482638 0
15.599227 0
15.715816 0
15.832405 0
15.948993 0
16.065582 0.66079704
16.182171 2.2253194
16.29876 0
16.415349 0
16.531937 0
16.648526 0
16.765115 0.011350063
16.881704 0.036715853
16.998293 0.090850375
17.114881 0.054909055
17.23147 0.035999219
17.348059 0.052071557
17.464648 0.0054297169
17.581237 0.012992269
17.697825 0.013103503
17.814414 0.019663516
17.931003 0.023587634
18.047592 0.014476431
18.16418 0.0063260483
18.280769 0
18.397358 0
18.513947 0
18.630536 0
18.747124 0
18.863713 0
18.980302 0
19.096891 0
19.21348 0
19.330068 0
19.446657 0
19.563246 0
19.679835 0
19.796423 0
19.913012 0
20.029601 0
20.14619 0
-3.1715678 0
-3.054979 0
-2.9383903 0
-2.8218015 0
-2.7052127 0
-2.5886239 0
-2.4720351 0
-2.3554463 0
-2.2388575 0
-2.1222687 0
-2.0056799 0
-1.8890912 0
-1.7725024 0
-1.6559136 0
-1.5393248 0
-1.422736 0
-1.3061472 0
-1.1895584 0.0020555953
-1.0729696 0.0062933797
-0.95638085 0.0088027277
-0.83979206 0.0089650379
-0.72320327 0.0092977323
-0.60661448 0.0093672581
-0.49002569 0.0086798985
-0.37343691 0.0066494979
-0.25684812 0.0051100143
-0.14025933 0.0046159325
-0.023670541 0.0044738606
0.092918248 0.0044415678
0.20950704 0.0045206962
0.32609582 0.0050384702
0.44268461 0.0060797185
0.5592734 0.0074155707
0.67586219 0.010183114
0.79245098 0.012823815
0.90903977 0.011411945
1.0256286 0.015613488
1.1422173 0.024017219
1.2588061 0.040118656
1.3753949 0.044777375
1.4919837 0.072009312
1.6085725 0.067623543
1.7251613 0.059176592
1.8417501 0.095144131
1.9583389 0.10172064
2.0749277 0.13487876
2.1915164 0.11887827
2.3081052 0.13164609
2.424694 0.15933576
2.5412828 0.078299592
2.6578716 0.10177747
2.7744604 0.080040599
2.8910492 0.076882838
3.007638 0.090193258
3.1242267 0.070842383
3.2408155 0.056068449
3.3574043 0.10315566
3.4739931 0.083728177
3.5905819 0.059362
3.7071707 0.042174988
3.8237595 0.043333668
3.9403483 0.049222256
4.0569371 0.093983684
4.1735258 0.068579167
4.2901146 0.16405078
4.4067034 0.10711245
4.5232922 0.083549872
4.639881 0.1542362
4.7564698 0.15245584
4.8730586 0.083445679
4.9896474 0.057225242
5.1062361 0.15996765
5.2228249 0.20737159
5.3394137 0.17116636
5.4560025 0.29390222
5.5725913 0.39977187
5.6891801 0.53245983
5.8057689 0.22096895
5.9223577 0.12249295
6.0389465 0.13861749
6.1555352 0.2208605
6.272124 0.18663514
6.3887128 0.23170611
6.5053016 0.39652409
6.6218904 0.36735848
6.7384792 0.38889093
6.855068 0.22093075
6.9716568 0.28397614
7.0882456 0.28602464
7.2048343 0.24360123
7.3214231 0.25265951
7.4380119 0.14091045
7.5546007 0.14436453
7.6711895 0.17073124
7.7877783 0.16293908
7.9043671 0.14689776
8.0209559 0.30455869
8.1375446 0.30190588
8.2541334 0.17958458
8.3707222 0.39493749
8.487311 0.56513603
8.6038998 0.26847392
8.7204886 0.30666473
8.8370774 0.27031765
8.9536662 0.19738473
9.070255 0.24420413
9.1868437 0.43137966
9.3034325 0.50848194
9.4200213 0
9.5366101 0.47383456
9.6531989 0.59134058
9.7697877 1.9747566
9.8863765 0.033335161
10.002965 0.036941658
10.119554 0.050279933
10.236143 0.079378979
10.352732 0.11361373
10.46932 0.13737896
10.585909 0.2038449
10.702498 0.25616253
10.819087 0.27627837
10.935676 0.3416092
11.052264 0
11.168853 0.0070019233
11.285442 0.045432811
11.402031 0.072344427
11.51862 0.026015911
11.635208 0.014317066
11.751797 0.12695314
11.868386 0.064609101
11.984975 0.017286979
12.101563 0.16044225
12.218152 0.1222147
12.334741 0.18602594
12.45133 0.47559402
12.567919 0.16237329
12.684507 0.17691935
12.801096 0.31817032
12.917685 0.20386245
13.034274 0.12085225
13.150863 0.2137381
13.267451 0.45844955
13.38404 0.16751825
13.500629 0.11590245
13.617218 0.39659075
13.733806 0.75646125
13.850395 0.51047369
13.966984 0.65823786
14.083573 0.91098695
14.200162 0.1790949
14.31675 0
14.433339 0
14.549928 0
14.666517 0.31525998
14.783106 0.12711603
14.899694 0
15.016283 0
15.132872 0
15.249461 0
15.36605 0
15.482638 0
15.599227 0
15.715816 0
15.832405 0
15.948993 0
16.065582 0.06673135
16.182171 0.2079629
16.29876 0
16.415349 0
16.531937 0
16.648526 0
16.765115 0.0080873016
16.881704 0.021812094
16.998293 0.01251104
17.114881 0.0075951544
17.23147 0.0085558039
17.348059 0.057300165
17.464648 0.0051270877
17.581237 0.015161401
17.697825 0.013603917
17.814414 0.024752525
17.931003 0.022858725
18.047592 0.011465795
18.16418 0.0040347312
18.280769 0
18.397358 0
18.513947 0
18.630536 0
18.747124 0
18.863713 0
18.980302 0
19.096891 0
19.21348 0
19.330068 0
19.446657 0
19.563246 0
19.679835 0
19.796423 0
19.913012 0
20.029601 0
20.14619 0
-3.1715678 0
-3.054979 0
-2.9383903 0
-2.8218015 0
-2.7052127 0
-2.5886239 0
-2.4720351 0
-2.3554463 0
-2.2388575 0
-2.1222687 0
-2.0056799 0
-1.8890912 0
-1.7725024 0
-1.6559136 0
-1.5393248 0
-1.422736 0
-1.3061472 0
-1.1895584 0.0009158835
-1.0729696 0.0033765777
-0.95638085 0.006457489
-0.83979206 0.0075756769
-0.72320327 0.0080871921
-0.60661448 0.00838306
-0.49002569 0.0077921311
-0.37343691 0.0061981463
-0.25684812 0.0050007159
-0.14025933 0.0046246493
-0.023670541 0.0046015241
0.092918248 0.0046762381
0.20950704 0.0048574876
0.32609582 0.0055510917
0.44268461 0.0069022501
0.5592734 0.0079251461
0.67586219 0.010579285
0.79245098 0.01406016
0.90903977 0.012300111
1.0256286 0.018333324
1.1422173 0.031587704
1.2588061 0.049230692
1.3753949 0.069038083
1.4919837 0.10211575
1.6085725 0.10744583
1.7251613 0.098477072
1.8417501 0.1240919
1.9583389 0.15236071
2.0749277 0.22763486
2.1915164 0.18335674
2.3081052 0.2329875
2.424694 0.22279544
2.5412828 0.1497635
2.6578716 0.22200821
2.7744604 0.19340117
2.8910492 0.14409491
3.007638 0.15362555
3.1242267 0.17079364
3.2408155 0.15539381
3.3574043 0.22607128
3.4739931 0.15163935
3.5905819 0.16683206
3.7071707 0.14924039
3.8237595 0.20267576
3.9403483 0.18850832
4.0569371 0.27435958
4.1735258 0.28654975
4.2901146 0.48679143
4.4067034 0.29730036
4.5232922 0.13605594
4.639881 0.22948385
4.7564698 0.12957969
4.8730586 0.11077634
4.9896474 0.11284361
5.1062361 0.21775107
5.2228249 0.2131312
5.3394137 0.19140579
5.4560025 0.21057086
5.5725913 0.28128181
5.6891801 0.29321425
5.8057689 0.10495996
5.9223577 0.13127131
6.0389465 0.20197395
6.1555352 0.31516791
6.272124 0.17500276
6.3887128 0.30207906
6.5053016 0.47289604
6.6218904 0.30862702
6.7384792 0.49726935
6.855068 0.21646526
6.9716568 0.34181078
7.0882456 0.44180147
7.2048343 0.32190319
7.3214231 0.54973091
7.4380119 0.30606218
7.5546007 0.3466785
7.6711895 0.36327814
7.7877783 0.39139436
7.9043671 0.22834206
8.0209559 0.4874336
8.1375446 0.98134461
8.2541334 0.51458128
8.3707222 0.96141802
8.487311 0.71478682
8.6038998 0.34460668
8.7204886 0.19870685
8.8370774 0.064820686
8.9536662 0.056965328
9.070255 0.038768985
9.1868437 0.040745202
9.3034325 0.044429332
9.4200213 0
9.5366101 0.028867021
9.6531989 0.060943184
9.7697877 0.23669312
9.8863765 0.0063981112
10.002965 0.01134897
10.119554 0.020169974
10.236143 0.035798849
10.352732 0.057156219
10.46932 0.052478431
10.585909 0.074649047
10.702498 0.085150229
10.819087 0.092166234
10.935676 0.11175761
11.052264 0
11.168853 0.007023953
11.285442 0.089277833
11.402031 0.41369873
11.51862 0.072461893
11.635208 0.11809945
11.751797 1.1158745
11.868386 0.8011437
11.984975 0.26690575
12.101563 1.1708856
12.218152 0.21158973
12.334741 0.27056275
12.45133 0.28704814
12.567919 0.07848174
12.684507 0.11542045
12.801096 0.2358315
12.917685 0.066393353
13.034274 0.027520551
13.150863 0.08834344
13.267451 0.1428445
13.38404 0.050867003
13.500629 0.018653569
13.617218 0.05997562
13.733806 0.10422291
13.850395 0.16249251
13.966984 0.15400913
14.083573 0.17875535
14.200162 0.027946161
14.31675 0
14.433339 0
14.549928 0
14.666517 0.075729725
14.783106 0.027878387
14.899694 0
15.016283 0
15.132872 0
15.249461 0
15.36605 0
15.482638 0
15.599227 0
15.715816 0
15.832405 0
15.948993 0
16.065582 0.011546576
16.182171 0.021227025
16.29876 0
16.415349 0
16.531937 0
16.648526 0
16.765115 0.0053828123
16.881704 0.010467434
16.998293 0.013554631
17.114881 0.0089183724
17.23147 0.008735452
17.348059 0.040924296
17.464648 0.0029373819
17.581237 0.010694683
17.697825 0.0094057787
17.814414 0.02200795
17.931003 0.016010984
18.047592 0.0073536244
18.16418 0.0005554555
18.280769 0
18.397358 0
18.513947 0
18.630536 0
18.747124 0
18.863713 0
18.980302 0
19.096891 0
19.21348 0
19.330068 0
19.446657 0
19.563246 0
19.679835 0
19.796423 0
19.913012 0
20.029601 0
20.14619 0
-3.1715678 0
-3.054979 0
-2.9383903 0
-2.8218015 0
-2.7052127 0
-2.5886239 0
-2.4720351 0
-2.3554463 0
-2.2388575 0
-2.1222687 0
-2.0056799 0
-1.8890912 0
-1.7725024 0
-1.6559136 0
-1.5393248 0
-1.422736 0
-1.3061472 0
-1.1895584 0.0024442907
-1.0729696 0.0085778098
-0.95638085 0.01281543
-0.83979206 0.014386183
-0.72320327 0.015832839
-0.60661448 0.015748079
-0.49002569 0.014878184
-0.37343691 0.011855076
-0.25684812 0.0096173179
-0.14025933 0.0089708403
-0.023670541 0.0089569027
0.092918248 0.0091378246
0.20950704 0.009515776
0.32609582 0.0106786
0.44268461 0.013599341
0.5592734 0.015903249
0.67586219 0.021167635
0.79245098 0.027019979
0.90903977 0.02413457
1.0256286 0.031297894
1.1422173 0.045734242
1.2588061 0.092057093
1.3753949 0.11960054
1.4919837 0.19000829
1.6085725 0.14582244
1.7251613 0.12668278
1.8417501 0.1651212
1.9583389 0.20607801
2.0749277 0.19583544
2.1915164 0.15363784
2.3081052 0.20382899
2.424694 0.24412878
2.5412828 0.11360462
2.6578716 0.25162206
2.7744604 0.16684215
2.8910492 0.18338728
3.007638 0.21135958
3.1242267 0.18651194
3.2408155 0.14693828
3.3574043 0.21442563
3.4739931 0.24025051
3.5905819 0.24048399
3.7071707 0.13042537
3.8237595 0.2901104
3.9403483 0.4580204
4.0569371 0.69808658
4.1735258 0.38475219
4.2901146 0.50528912
4.4067034 0.56242575
4.5232922 0.12702827
4.639881 0.19102583
4.7564698 0.19766135
4.8730586 0.13321196
4.9896474 0.085953277
5.1062361 0.17954585
5.2228249 0.18667969
5.3394137 0.093950892
5.4560025 0.082041066
5.5725913 0.17804026
5.6891801 0.15497828
5.8057689 0.054849432
5.9223577 0.052757242
6.0389465 0.070408961
6.1555352 0.064664139
6.272124 0.055791456
6.3887128 0.10527414
6.5053016 0.14490027
6.6218904 0.093661184
6.7384792 0.11088605
6.855068 0.059135281
6.9716568 0.073419364
7.0882456 0.073003917
7.2048343 0.061197629
7.3214231 0.093698663
7.4380119 0.050031011
7.5546007 0.061245174
7.6711895 0.062649675
7.7877783 0.068088825
7.9043671 0.03670641
8.0209559 0.046235446
8.1375446 0.070851328
8.2541334 0.032471072
8.3707222 0.047942577
8.487311 0.057150497
8.6038998 0.030095671
8.7204886 0.02939257
8.8370774 0.029759623
8.9536662 0.039413232
9.070255 0.033414932
9.1868437 0.049040658
9.3034325 0.046592153
9.4200213 0
9.5366101 0.05786518
9.6531989 0.05933744
9.7697877 0.13919273
9.8863765 0.008557977
10.002965 0.015146233
10.119554 0.024765575
10.236143 0.042701983
10.352732 0.066793001
10.46932 0.054679144
10.585909 0.072318131
10.702498 0.10672857
10.819087 0.11743036
10.935676 0.15266257
11.052264 0
11.168853 0.066259926
11.285442 0.25528164
11.402031 0.48724377
11.51862 0.35705462
11.635208 0.059528878
11.751797 0.43974084
11.868386 0.14500276
11.984975 0.12228874
12.101563 0.78807544
12.218152 0.35953998
12.334741 0.31154235
12.45133 0.46518183
12.567919 0.17873218
12.684507 0.2399164
12.801096 0.40027134
12.917685 0.2415323
13.034274 0.27467522
13.150863 0.51286208
13.267451 0.41142534
13.38404 0.10501404
13.500629 0.037023393
13.617218 0.20276504
13.733806 0.2727828
13.850395 0.20933149
13.966984 0.22630817
14.083573 0.1127287
14.200162 0.033410629
14.31675 0
14.433339 0
14.549928 0
14.666517 0.90503923
14.783106 0.62131912
14.899694 0
15.016283 0
15.132872 0
15.249461 0
15.36605 0
15.482638 0
15.599227 0
15.715816 0
15.832405 0
15.948993 0
16.065582 1.5161954
16.182171 4.7248337
16.29876 0
16.415349 0
16.531937 0
16.648526 0
16.765115 0.040589361
16.881704 0.1365431
16.998293 0.094984007
17.114881 0.053213097
17.23147 0.073128084
17.348059 0.097977023
17.464648 0.0048095134
17.581237 0.023389569
17.697825 0.018086126
17.814414 0.043588648
17.931003 0.028092424
18.047592 0.013322255
18.16418 0.0001266682
18.280769 0
18.397358 0
18.513947 0
18.630536 0
18.747124 0
18.863713 0
18.980302 0
19.096891 0
19.21348 0
19.330068 0
19.446657 0
19.563246 0
19.679835 0
19.796423 0
19.913012 0
20.029601 0
20.14619 0
-3.1715678 0
-3.054979 0
-2.9383903 0
-2.8218015 0
-2.7052127 0
-2.5886239 0
-2.4720351 0
-2.3554463 0
-2.2388575 0
-2.1222687 0
-2.0056799 0
-1.8890912 0
-1.7725024 0
-1.6559136 0
-1.5393248 0
-1.422736 0
-1.3061472 0
-1.1895584 0.000762972
-1.0729696 0.0031688117
-0.95638085 0.0053858312
-0.83979206 0.0064126957
-0.72320327 0.0071624865
-0.60661448 0.0077177594
-0.49002569 0.0076333127
-0.37343691 0.0059511099
-0.25684812 0.0045454676
-0.14025933 0.0040544689
-0.023670541 0.0039758115
0.092918248 0.0040086435
0.20950704 0.0041622245
0.32609582 0.0048225451
0.44268461 0.0061467817
0.5592734 0.0072517806
0.67586219 0.0087554937
0.79245098 0.011175216
0.90903977 0.0095580049
1.0256286 0.010113279
1.1422173 0.016942597
1.2588061 0.024561358
1.3753949 0.036167968
1.4919837 0.052462549
1.6085725 0.044082214
1.7251613 0.041684573
1.8417501 0.046575308
1.9583389 0.0583129
2.0749277 0.084215339
2.1915164 0.064620363
2.3081052 0.086155595
2.424694 0.072580938
2.5412828 0.040475732
2.6578716 0.066995856
2.7744604 0.074337806
2.8910492 0.07231812
3.007638 0.10177011
3.1242267 0.09295616
3.2408155 0.083492376
3.3574043 0.18173385
3.4739931 0.12318587
3.5905819 0.091922537
3.7071707 0.069969016
3.8237595 0.07667248
3.9403483 0.10239468
4.0569371 0.14043689
4.1735258 0.08192307
4.2901146 0.1427047
4.4067034 0.094010626
4.5232922 0.052011385
4.639881 0.098929724
4.7564698 0.088960444
4.8730586 0.04432166
4.9896474 0.049649225
5.1062361 0.1343731
5.2228249 0.11223396
5.3394137 0.063672925
5.4560025 0.07576257
5.5725913 0.11513217
5.6891801 0.14762939
5.8057689 0.054574497
5.9223577 0.072272767
6.0389465 0.13127698
6.1555352 0.17942268
6.272124 0.17417278
6.3887128 0.41736651
6.5053016 0.63732533
6.6218904 0.37017302
6.7384792 0.29940698
6.855068 0.1690715
6.9716568 0.20712726
7.0882456 0.2259537
7.2048343 0.2349479
7.3214231 0.30729611
7.4380119 0.14832765
7.5546007 0.21372462
7.6711895 0.26490277
7.7877783 0.22793215
7.9043671 0.098088361
8.0209559 0.20450786
8.1375446 0.26857003
8.2541334 0.096939035
8.3707222 0.17095295
8.487311 0.21987304
8.6038998 0.12552735
8.7204886 0.099419395
8.8370774 0.071957162
8.9536662 0.065696774
9.070255 0.046539701
9.1868437 0.069400224
9.3034325 0.090876554
9.4200213 0
9.5366101 0.214679
9.6531989 0.18206567
9.7697877 0.38033885
9.8863765 0.031998821
10.002965 0.056805903
10.119554 0.090109547
10.236143 0.14708774
10.352732 0.22963271
10.46932 0.17621728
10.585909 0.22593397
10.702498 0.25781839
10.819087 0.27072332
10.935676 0.31355411
11.052264 0
11.168853 0.18739416
11.285442 0.84263149
11.402031 1.3672235
11.51862 0.89034152
11.635208 0.19736616
11.751797 0.64148237
11.868386 0.30466695
11.984975 0.032843097
12.101563 0.62833721
12.218152 0.18033565
12.334741 0.42152933
12.45133 0.50356128
12.567919 0.2416691
12.684507 0.20912416
12.801096 0.43578538
12.917685 0.15423759
13.034274 0.13250356
13.150863 0.51867501
13.267451 0.60700676
13.38404 0.2144954
13.500629 0.32403003
13.617218 1.0233197
13.733806 1.5293028
13.850395 0.73655005
13.966984 0.24794226
14.083573 0.24621374
14.200162 0.070658884
14.31675 0
14.433339 0
14.549928 0
14.666517 0.14053299
14.783106 0.10871092
14.899694 0
15.016283 0
15.132872 0
15.249461 0
15.36605 0
15.482638 0
15.599227 0
15.715816 0
15.832405 0
15.948993 0
16.065582 0.25544268
16.182171 1.0651791
16.29876 0
16.415349 0
16.531937 0
16.648526 0
16.765115 0.0081161661
16.881704 0.022511328
16.998293 0.030317433
17.114881 0.018777067
17.23147 0.02312399
17.348059 0.047028849
17.464648 0.0024535267
17.581237 0.010077125
17.697825 0.0079855841
17.814414 0.022403816
17.931003 0.013316219
18.047592 0.0057505002
18.16418 7.4042e-05
18.280769 0
18.397358 0
18.513947 0
18.630536 0
18.747124 0
18.863713 0
18.980302 0
19.096891 0
19.21348 0
19.330068 0
19.446657 0
19.563246 0
19.679835 0
19.796423 0
19.913012 0
20.029601 0
20.14619 0
-3.1715678 0
-3.054979 0
-2.9383903 0
-2.8218015 0
-2.7052127 0
-2.5886239 0
-2.4720351 0
-2.3554463 0
-2.2388575 0
-2.1222687 0
-2.0056799 0
-1.8890912 0
-1.7725024 0
-1.6559136 0
-1.5393248 0
-1.422736 0
-1.3061472 0
-1.1895584 0.0012974655
-1.0729696 0.0043287094
-0.95638085 0.0065936895
-0.83979206 0.0073206153
-0.72320327 0.0076269187
-0.60661448 0.0079854088
-0.49002569 0.0076313329
-0.37343691 0.0058829305
-0.25684812 0.0044957189
-0.14025933 0.0039625612
-0.023670541 0.0038160065
0.092918248 0.0037665652
0.20950704 0.0038225084
0.32609582 0.0043349632
0.44268461 0.0053497289
0.5592734 0.0061811069
0.67586219 0.0072715179
0.79245098 0.0087693966
0.90903977 0.0077644767
1.0256286 0.0099822821
1.1422173 0.016513412
1.2588061 0.025572217
1.3753949 0.03895547
1.4919837 0.055186902
1.6085725 0.061686186
1.7251613 0.052536614
1.8417501 0.093384411
1.9583389 0.11742335
2.0749277 0.15196025
2.1915164 0.14369135
2.3081052 0.18433142
2.424694 0.17148369
2.5412828 0.088585214
2.6578716 0.11775813
2.7744604 0.087593601
2.8910492 0.083178846
3.007638 0.073843869
3.1242267 0.062367622
3.2408155 0.058285219
3.3574043 0.096648741
3.4739931 0.095226459
3.5905819 0.095696219
3.7071707 0.058436366
3.8237595 0.098835116
3.9403483 0.16309047
4.0569371 0.22206438
4.1735258 0.12944651
4.2901146 0.2401222
4.4067034 0.16530951
4.5232922 0.081598305
4.639881 0.24461414
4.7564698 0.18055543
4.8730586 0.10536034
4.9896474 0.11646787
5.1062361 0.4622295
5.2228249 0.40067446
5.3394137 0.29529392
5.4560025 0.28689427
5.5725913 0.36577737
5.6891801 0.31515565
5.8057689 0.090582333
5.9223577 0.08416139
6.0389465 0.11830324
6.1555352 0.12860297
6.272124 0.13079385
6.3887128 0.27167174
6.5053016 0.50731992
6.6218904 0.40271366
6.7384792 0.61855581
6.855068 0.27735316
6.9716568 0.3316854
7.0882456 0.30561782
7.2048343 0.25510148
7.3214231 0.31933688
7.4380119 0.16712312
7.5546007 0.19650998
7.6711895 0.19105707
7.7877783 0.20178105
7.9043671 0.16868359
8.0209559 0.35683936
8.1375446 0.69240382
8.2541334 0.20920508
8.3707222 0.52176287
8.487311 0.46937552
8.6038998 0.24783751
8.7204886 0.18038012
8.8370774 0.70488542
8.9536662 0.58642445
9.070255 0.44082187
9.1868437 0.45572318
9.3034325 0.5891017
9.4200213 0
9.5366101 0.16487958
9.6531989 0.35962587
9.7697877 0.88744035
9.8863765 0.033724745
10.002965 0.02051943
10.119554 0.027366192
10.236143 0.047034518
10.352732 0.09095932
10.46932 0.11019909
10.585909 0.14191551
10.702498 0.15505852
10.819087 0.2158598
10.935676 0.25255484
11.052264 0
11.168853 0.012175094
11.285442 0.032134105
11.402031 0.069607859
11.51862 0.023814553
11.635208 0.036398878
11.751797 0.1135195
11.868386 0.1237045
11.984975 0.027065671
12.101563 0.51417558
12.218152 0.16746028
12.334741 0.35615416
12.45133 0.70089645
12.567919 0.35028023
12.684507 0.42023943
12.801096 0.67350781
12.917685 0.30769199
13.034274 0.1541029
13.150863 0.15699619
13.267451 0.22019097
13.38404 0.12576762
13.500629 0.04713528
13.617218 0.35944836
13.733806 0.58006258
13.850395 0.59377524
13.966984 0.36907172
14.083573 0.25307573
14.200162 0.012935251
14.31675 0
14.433339 0
14.549928 0
14.666517 0.081841674
14.783106 0.0093521044
14.899694 0
15.016283 0
15.132872 0
15.249461 0
15.36605 0
15.482638 0
15.599227 0
15.715816 0
15.832405 0
15.948993 0
16.065582 0.064207078
16.182171 0.14667935
16.29876 0
16.415349 0
16.531937 0
16.648526 0
16.765115 0.011015376
16.881704 0.022691123
16.998293 0.024013847
17.114881 0.014554765
17.23147 0.031340601
17.348059 0.023229639
17.464648 0.0036017047
17.581237 0.017306151
17.697825 0.0078085674
17.814414 0.020300077
17.931003 0.013569915
18.047592 0.0063599057
18.16418 0.0003690578
18.280769 0
18.397358 0
18.513947 0
18.630536 0
18.747124 0
18.863713 0
18.980302 0
19.096891 0
19.21348 0
19.330068 0
19.446657 0
19.563246 0
19.679835 0
19.796423 0
19.913012 0
20.029601 0
20.14619 0
-3.1715678 0
-3.054979 0
-2.9383903 0
-2.8218015 0
-2.7052127 0
-2.5886239 0
-2.4720351 0
-2.3554463 0
-2.2388575 0
-2.1222687 0
-2.0056799 0
-1.8890912 0
-1.7725024 0
-1.6559136 0
-1.5393248 0
-1.422736 0
-1.3061472 0
-1.1895584 0.0008440835
-1.0729696 0.0030423798
-0.95638085 0.0055035343
-0.83979206 0.0062802215
-0.72320327 0.0067121495
-0.60661448 0.006833749
-0.49002569 0.0062617689
-0.37343691 0.004795128
-0.25684812 0.0036620345
-0.14025933 0.0033920471
-0.023670541 0.0033613557
0.092918248 0.003411925
0.20950704 0.003558093
0.32609582 0.0041288255
0.44268461 0.0050624172
0.5592734 0.0065143576
0.67586219 0.0096208135
0.79245098 0.012114197
0.90903977 0.011092523
1.0256286 0.015679283
1.1422173 0.026553288
1.2588061 0.032197246
1.3753949 0.0458659
1.4919837 0.064264145
1.6085725 0.052687899
1.7251613 0.064081816
1.8417501 0.08840042
1.9583389 0.097825299
2.0749277 0.11349228
2.1915164 0.083351909
2.3081052 0.10503235
2.424694 0.094192526
2.5412828 0.060304596
2.6578716 0.087237418
2.7744604 0.068011931
2.8910492 0.070905792
3.007638 0.085637812
3.1242267 0.1356519
3.2408155 0.11867113
3.3574043 0.15230003
3.4739931 0.10504458
3.5905819 0.099974833
3.7071707 0.065714761
3.8237595 0.084979027
3.9403483 0.087055646
4.0569371 0.16581309
4.1735258 0.1590826
4.2901146 0.40433598
4.4067034 0.20159573
4.5232922 0.099186975
4.639881 0.18172786
4.7564698 0.20304492
4.8730586 0.13017504
4.9896474 0.14289286
5.1062361 0.32736903
5.2228249 0.31388974
5.3394137 0.18629592
5.4560025 0.22132565
5.5725913 0.32762488
5.6891801 0.30081306
5.8057689 0.11037813
5.9223577 0.17515379
6.0389465 0.29409004
6.1555352 0.28781236
6.272124 0.25925678
6.3887128 0.25979789
6.5053016 0.4125514
6.6218904 0.34073953
6.7384792 0.2039184
6.855068 0.12078035
6.9716568 0.12664569
7.0882456 0.13297558
7.2048343 0.096632797
7.3214231 0.12161154
7.4380119 0.064896639
7.5546007 0.087788223
7.6711895 0.071716425
7.7877783 0.1012797
7.9043671 0.078038597
8.0209559 0.12683948
8.1375446 0.23197948
8.2541334 0.099029275
8.3707222 0.13424947
8.487311 0.14357021
8.6038998 0.08564537
8.7204886 0.052512593
8.8370774 0.02120305
8.9536662 0.023553209
9.070255 0.016091881
9.1868437 0.020426136
9.3034325 0.035849265
9.4200213 0
9.5366101 0.073218657
9.6531989 0.090777298
9.7697877 0.23703995
9.8863765 0.017957897
10.002965 0.028960438
10.119554 0.045015685
10.236143 0.073537071
10.352732 0.1223152
10.46932 0.14822932
10.585909 0.17351615
10.702498 0.17320838
10.819087 0.14841684
10.935676 0.16439623
11.052264 0
11.168853 0.022793087
11.285442 0.14039134
11.402031 0.71345026
11.51862 0.23362255
11.635208 0.15686409
11.751797 0.77138436
11.868386 0.35237912
11.984975 0.028615475
12.101563 0.4212306
12.218152 0.21573919
12.334741 0.46241806
12.45133 0.92818055
12.567919 0.34144979
12.684507 0.19295649
12.801096 0.5053404
12.917685 0.20849728
13.034274 0.16965063
13.150863 0.24225448
13.267451 0.37688644
13.38404 0.14711527
13.500629 0.13898672
13.617218 0.38282497
13.733806 0.29231639
13.850395 0.266962
13.966984 0.22065349
14.083573 0.10407165
14.200162 0.019908656
14.31675 0
14.433339 0
14.549928 0
14.666517 4.1255435
14.783106 2.4934081
14.899694 0
15.016283 0
15.132872 0
15.249461 0
15.36605 0
15.482638 0
15.599227 0
15.715816 0
15.832405 0
15.948993 0
16.065582 0.69522988
16.182171 1.0368153
16.29876 0
16.415349 0
16.531937 0
16.648526 0
16.765115 0.012785041
16.881704 0.044120207
16.998293 0.088183518
17.114881 0.058117976
17.23147 0.026711227
17.348059 0.083564003
17.464648 0.0055676825
17.581237 0.012716351
17.697825 0.011595283
17.814414 0.02019205
17.931003 0.021209153
18.047592 0.013837842
18.16418 0.0061125152
18.280769 0
18.397358 0
18.513947 0
18.630536 0
18.747124 0
18.863713 0
18.980302 0
19.096891 0
19.21348 0
19.330068 0
19.446657 0
19.563246 0
19.679835 0
19.796423 0
19.913012 0
20.029601 0
20.14619 0
-3.1715678 0
-3.054979 0
-2.9383903 0
-2.8218015 0
-2.7052127 0
-2.5886239 0
-2.4720351 0
-2.3554463 0
-2.2388575 0
-2.1222687 0
-2.0056799 0
-1.8890912 0
-1.7725024 0
-1.6559136 0
-1.5393248 0
-1.422736 0
-1.3061472 0
-1.1895584 0.0028526374
-1.0729696 0.0063812941
-0.95638085 0.0086848627
-0.83979206 0.0088952622
-0.72320327 0.0088219955
-0.60661448 0.0085999188
-0.49002569 0.007653382
-0.37343691 0.0059284321
-0.25684812 0.0046220115
-0.14025933 0.0042707166
-0.023670541 0.0042123098
0.092918248 0.0042492694
0.20950704 0.0043947552
0.32609582 0.0049677021
0.44268461 0.0059838617
0.5592734 0.0074530176
0.67586219 0.010823404
0.79245098 0.01469704
0.90903977 0.013499131
1.0256286 0.017875825
1.1422173 0.024663514
1.2588061 0.031455074
1.3753949 0.04421556
1.4919837 0.072920142
1.6085725 0.076244959
1.7251613 0.06522505
1.8417501 0.096376786
1.9583389 0.098443703
2.0749277 0.1219135
2.1915164 0.11924137
2.3081052 0.12594046
2.424694 0.13557946
2.5412828 0.070927594
2.6578716 0.13260151
2.7744604 0.074763637
2.8910492 0.07530033
3.007638 0.075388464
3.1242267 0.066014445
3.2408155 0.053390426
3.3574043 0.11680697
3.4739931 0.081820462
3.5905819 0.06391378
3.7071707 0.038680996
3.8237595 0.045214558
3.9403483 0.0469944
4.0569371 0.087883348
4.1735258 0.063878597
4.2901146 0.15802933
4.4067034 0.098850277
4.5232922 0.080719729
4.639881 0.16320529
4.7564698 0.15789546
4.8730586 0.078395555
4.9896474 0.051123089
5.1062361 0.17399549
5.2228249 0.18250782
5.3394137 0.17187296
5.4560025 0.33304293
5.5725913 0.44303957
5.6891801 0.50283124
5.8057689 0.16984531
5.9223577 0.15781802
6.0389465 0.16356159
6.1555352 0.22170513
6.272124 0.17024619
6.3887128 0.21907965
6.5053016 0.32220457
6.6218904 0.41354296
6.7384792 0.42271971
6.855068 0.21463115
6.9716568 0.30420822
7.0882456 0.2437887
7.2048343 0.24176061
7.3214231 0.26393034
7.4380119 0.11614763
7.5546007 0.14563868
7.6711895 0.16337524
7.7877783 0.18256016
7.9043671 0.14092441
8.0209559 0.283856
8.1375446 0.33906224
8.2541334 0.18427849
8.3707222 0.40786163
8.487311 0.45856828
8.6038998 0.2572058
8.7204886 0.27820252
8.8370774 0.26467673
8.9536662 0.23783706
9.070255 0.25642877
9.1868437 0.47533217
9.3034325 0.50932828
9.4200213 0
9.5366101 0.52044014
9.6531989 0.6914733
9.7697877 1.9372902
9.8863765 0.026932176
10.002965 0.035757829
10.119554 0.051210516
10.236143 0.083991259
10.352732 0.13375056
10.46932 0.13505984
10.585909 0.20220737
10.702498 0.27641268
10.819087 0.26142896
10.935676 0.31311964
11.052264 0
11.168853 0.0063948417
11.285442 0.040094481
11.402031 0.077658522
11.51862 0.02129341
11.635208 0.015370279
11.751797 0.1372513
11.868386 0.079920831
11.984975 0.020425408
12.101563 0.15657538
12.218152 0.12340238
12.334741 0.23720844
12.45133 0.44402924
12.567919 0.16286935
12.684507 0.17020566
12.801096 0.33216051
12.917685 0.1827708
13.034274 0.10179636
13.150863 0.24333123
13.267451 0.49281002
13.38404 0.17236102
13.500629 0.10770566
13.617218 0.38126374
13.733806 0.82983878
13.850395 0.4460367
13.966984 0.63732979
14.083573 0.85051442
14.200162 0.17859191
14.31675 0
14.433339 0
14.549928 0
14.666517 0.42018049
14.783106 0.24404677
14.899694 0
15.016283 0
15.132872 0
15.249461 0
15.36605 0
15.482638 0
15.599227 0
15.715816 0
15.832405 0
15.948993 0
16.065582 0.078783872
16.182171 0.093382846
16.29876 0
16.415349 0
16.531937 0
16.648526 0
16.765115 0.010020301
16.881704 0.022150671
16.998293 0.012
17.114881 0.0068953517
17.23147 0.011634142
17.348059 0.072551787
17.464648 0.0052543587
17.581237 0.014226716
17.697825 0.011224308
17.814414 0.024444534
17.931003 0.022831394
18.047592 0.011970528
18.16418 0.0041189157
18.280769 0
18.397358 0
18.513947 0
18.630536 0
18.747124 0
18.863713 0
18.980302 0
19.096891 0
19.21348 0
19.330068 0
19.446657 0
19.563246 0
19.679835 0
19.796423 0
19.913012 0
20.029601 0
20.14619 0
-3.1715678 0
-3.054979 0
-2.9383903 0
-2.8218015 0
-2.7052127 0
-2.5886239 0
-2.4720351 0
-2.3554463 0
-2.2388575 0
-2.1222687 0
-2.0056799 0
-1.8890912 0
-1.7725024 0
-1.6559136 0
-1.5393248 0
-1.422736 0
-1.3061472 0
-1.1895584 0.001793433
-1.0729696 0.0043332667
-0.95638085 0.0062351391
-0.83979206 0.0065576872
-0.72320327 0.0068643263
-0.60661448 0.0069468437
-0.49002569 0.0062832959
-0.37343691 0.0048860632
-0.25684812 0.0037808876
-0.14025933 0.0035132587
-0.023670541 0.0034740337
0.092918248 0.0035087129
0.20950704 0.0036346771
0.32609582 0.0041758206
0.44268461 0.0050571588
0.5592734 0.0063547926
0.67586219 0.0093681775
0.79245098 0.012205107
0.90903977 0.01048416
1.0256286 0.012767975
1.1422173 0.016604343
1.2588061 0.023526633
1.3753949 0.035546825
1.4919837 0.061669914
1.6085725 0.057055891
1.7251613 0.056367288
1.8417501 0.11198185
1.9583389 0.12329409
2.0749277 0.14797889
2.1915164 0.14380139
2.3081052 0.17047927
2.424694 0.14617082
2.5412828 0.082940592
2.6578716 0.1031895
2.7744604 0.085359035
2.8910492 0.080203941
3.007638 0.083386119
3.1242267 0.079783006
3.2408155 0.062757067
3.3574043 0.10555166
3.4739931 0.096639998
3.5905819 0.087374591
3.7071707 0.054631531
3.8237595 0.09399332
3.9403483 0.15223165
4.0569371 0.2143614
4.1735258 0.13773899
4.2901146 0.23647731
4.4067034 0.149492
4.5232922 0.074435796
4.639881 0.22515511
4.7564698 0.18379723
4.8730586 0.11242262
4.9896474 0.11054501
5.1062361 0.42280841
5.2228249 0.39492076
5.3394137 0.31008302
5.4560025 0.26726784
5.5725913 0.40718609
5.6891801 0.29545707
5.8057689 0.09026305
5.9223577 0.086351568
6.0389465 0.10843062
6.1555352 0.11906627
6.272124 0.12857989
6.3887128 0.26509267
6.5053016 0.5537578
6.6218904 0.41880007
6.7384792 0.53581046
6.855068 0.28609093
6.9716568 0.31224611
7.0882456 0.31644976
7.2048343 0.24563859
7.3214231 0.32784188
7.4380119 0.15214406
7.5546007 0.20760849
7.6711895 0.19758917
7.7877783 0.21595563
7.9043671 0.16250061
8.0209559 0.3571604
8.1375446 0.61631508
8.2541334 0.22666106
8.3707222 0.51691279
8.487311 0.50376563
8.6038998 0.2539083
8.7204886 0.17308283
8.8370774 0.73334371
8.9536662 0.51251996
9.070255 0.45044624
9.1868437 0.44996976
9.3034325 0.43324511
9.4200213 0
9.5366101 0.1359799
9.6531989 0.34635085
9.7697877 0.79659344
9.8863765 0.035110628
10.002965 0.021693105
10.119554 0.028258578
10.236143 0.046605692
10.352732 0.081466485
10.46932 0.12256862
10.585909 0.15349694
10.702498 0.18085267
10.819087 0.17451954
10.935676 0.26706039
11.052264 0
11.168853 0.012087251
11.285442 0.036250877
11.402031 0.07417061
11.51862 0.012961839
11.635208 0.039409901
11.751797 0.10751274
11.868386 0.13847494
11.984975 0.014959453
12.101563 0.4547062
12.218152 0.19187506
12.334741 0.39149516
12.45133 0.7190571
12.567919 0.41306598
12.684507 0.42285002
12.801096 0.67852393
12.917685 0.25969465
13.034274 0.1435473
13.150863 0.13497512
13.267451 0.22037542
13.38404 0.12713965
13.500629 0.045829946
13.617218 0.36055759
13.733806 0.5983313
13.850395 0.48300808
13.966984 0.31466188
14.083573 0.26260269
14.200162 0.01238997
14.31675 0
14.433339 0
14.549928 0
14.666517 0.11819669
14.783106 0.019590162
14.899694 0
15.016283 0
15.132872 0
15.249461 0
15.36605 0
15.482638 0
15.599227 0
15.715816 0
15.832405 0
15.948993 0
16.065582 0.072164071
16.182171 0.073770648
16.29876 0
16.415349 0
16.531937 0
16.648526 0
16.765115 0.010552385
16.881704 0.025313789
16.998293 0.027317855
17.114881 0.015883889
17.23147 0.030603248
17.348059 0.015349712
17.464648 0.0034261893
17.581237 0.011926646
17.697825 0.0087790097
17.814414 0.018636826
17.931003 0.015327785
18.047592 0.0072449634
18.16418 0.0004677101
18.280769 0
18.397358 0
18.513947 0
18.630536 0
18.747124 0
18.863713 0
18.980302 0
19.096891 0
19.21348 0
19.330068 0
19.446657 0
19.563246 0
19.679835 0
19.796423 0
19.913012 0
20.029601 0
20.14619 0
-3.1715678 0
-3.054979 0
-2.9383903 0
-2.8218015 0
-2.7052127 0
-2.5886239 0
-2.4720351 0
-2.3554463 0
-2.2388575 0
-2.1222687 0
-2.0056799 0
-1.8890912 0
-1.7725024 0
-1.6559136 0
-1.5393248 0
-1.422736 0
-1.3061472 0
-1.1895584 0.0010305315
-1.0729696 0.002802107
-0.95638085 0.004601095
-0.83979206 0.0054857337
-0.72320327 0.0060191774
-0.60661448 0.0063460117
-0.49002569 0.0059207088
-0.37343691 0.0044879782
-0.25684812 0.0033970863
-0.14025933 0.0031284387
-0.023670541 0.0031038478
0.092918248 0.0031591821
0.20950704 0.0033091378
0.32609582 0.0038774016
0.44268461 0.0047738853
0.5592734 0.0061521499
0.67586219 0.0089448395
0.79245098 0.01107163
0.90903977 0.0098195225
1.0256286 0.013754249
1.1422173 0.021100162
1.2588061 0.02819614
1.3753949 0.03735224
1.4919837 0.056196884
1.6085725 0.047502522
1.7251613 0.043971716
1.8417501 0.052103285
1.9583389 0.056920355
2.0749277 0.07640404
2.1915164 0.062871703
2.3081052 0.078018044
2.424694 0.070505365
2.5412828 0.040398816
2.6578716 0.067492239
2.7744604 0.071697896
2.8910492 0.078302681
3.007638 0.097127306
3.1242267 0.088294226
3.2408155 0.081303715
3.3574043 0.18323932
3.4739931 0.11884061
3.5905819 0.092935181
3.7071707 0.070359383
3.8237595 0.071544039
3.9403483 0.086478519
4.0569371 0.1511778
4.1735258 0.089119688
4.2901146 0.13220333
4.4067034 0.082642172
4.5232922 0.058264016
4.639881 0.10542401
4.7564698 0.082795653
4.8730586 0.044200367
4.9896474 0.046170704
5.1062361 0.12780982
5.2228249 0.10571904
5.3394137 0.063156497
5.4560025 0.078691316
5.5725913 0.1237072
5.6891801 0.13474054
5.8057689 0.061489361
5.9223577 0.06626915
6.0389465 0.11906813
6.1555352 0.14856678
6.272124 0.17939555
6.3887128 0.36708889
6.5053016 0.69098984
6.6218904 0.49014148
6.7384792 0.32359152
6.855068 0.17378641
6.9716568 0.22342007
7.0882456 0.24182048
7.2048343 0.24081981
7.3214231 0.29442901
7.4380119 0.14932505
7.5546007 0.22665131
7.6711895 0.2551391
7.7877783 0.23460175
7.9043671 0.09071991
8.0209559 0.23410654
8.1375446 0.24560919
8.2541334 0.1099795
8.3707222 0.16358934
8.487311 0.24041773
8.6038998 0.13688397
8.7204886 0.098291599
8.8370774 0.069628052
8.9536662 0.076715655
9.070255 0.047141749
9.1868437 0.062265376
9.3034325 0.10215889
9.4200213 0
9.5366101 0.18389363
9.6531989 0.20417045
9.7697877 0.44906342
9.8863765 0.033034703
10.002965 0.055904498
10.119554 0.088200986
10.236143 0.14159694
10.352732 0.20729732
10.46932 0.1911593
10.585909 0.23922948
10.702498 0.25955585
10.819087 0.28766659
10.935676 0.29870136
11.052264 0
11.168853 0.18957154
11.285442 0.77386435
11.402031 1.6114906
11.51862 0.59048586
11.635208 0.18458393
11.751797 0.66469148
11.868386 0.34982614
11.984975 0.02229346
12.101563 0.62680988
12.218152 0.16845998
12.334741 0.37683053
12.45133 0.51519647
12.567919 0.24537577
12.684507 0.19154531
12.801096 0.4169006
12.917685 0.17165599
13.034274 0.13683541
13.150863 0.53966729
13.267451 0.56015472
13.38404 0.22147125
13.500629 0.35630515
13.617218 0.92432221
13.733806 1.0628347
13.850395 0.67577626
13.966984 0.21816767
14.083573 0.23695084
14.200162 0.068258847
14.31675 0
14.433339 0
14.549928 0
14.666517 0.30491146
14.783106 0.21509699
14.899694 0
15.016283 0
15.132872 0
15.249461 0
15.36605 0
15.482638 0
15.599227 0
15.715816 0
15.832405 0
15.948993 0
16.065582 0.28734696
16.182171 0.45090311
16.29876 0
16.415349 0
16.531937 0
16.648526 0
16.765115 0.0062325191
16.881704 0.024117681
16.998293 0.022499365
17.114881 0.024618192
17.23147 0.020962867
17.348059 0.047706418
17.464648 0.0025104571
17.581237 0.00869947
17.697825 0.01003377
17.814414 0.019503892
17.931003 0.014335695
18.047592 0.0062790928
18.16418 9.1079e-05
18.280769 0
18.397358 0
18.513947 0
18.630536 0
18.747124 0
18.863713 0
18.980302 0
19.096891 0
19.21348 0
19.330068 0
19.446657 0
19.563246 0
19.679835 0
19.796423 0
19.913012 0
20.029601 0
20.14619 0
-3.1715678 0
-3.054979 0
-2.9383903 0
-2.8218015 0
-2.7052127 0
-2.5886239 0
-2.4720351 0
-2.3554463 0
-2.2388575 0
-2.1222687 0
-2.0056799 0
-1.8890912 0
-1.7725024 0
-1.6559136 0
-1.5393248 0
-1.422736 0
-1.3061472 0
-1.1895584 0.0039719552
-1.0729696 0.0098224821
-0.95638085 0.013575589
-0.83979206 0.014865902
-0.72320327 0.014859674
-0.60661448 0.013649617
-0.49002569 0.011691372
-0.37343691 0.0092152154
-0.25684812 0.0075715598
-0.14025933 0.0072239692
-0.023670541 0.0073250084
0.092918248 0.0075895457
0.20950704 0.0080317486
0.32609582 0.0091588445
0.44268461 0.011483025
0.5592734 0.014265848
0.67586219 0.021362347
0.79245098 0.030160904
0.90903977 0.027969904
1.0256286 0.045784798
1.1422173 0.062226485
1.2588061 0.080022882
1.3753949 0.12323872
1.4919837 0.20391628
1.6085725 0.19498485
1.7251613 0.15506883
1.8417501 0.18938062
1.9583389 0.18783926
2.0749277 0.20227552
2.1915164 0.15652797
2.3081052 0.18876954
2.424694 0.24870797
2.5412828 0.10500093
2.6578716 0.25490564
2.7744604 0.16275819
2.8910492 0.16499895
3.007638 0.20463676
3.1242267 0.19494907
3.2408155 0.13409269
3.3574043 0.24832095
3.4739931 0.24124932
3.5905819 0.23626497
3.7071707 0.12863578
3.8237595 0.26169005
3.9403483 0.42413459
4.0569371 0.64124133
4.1735258 0.35490609
4.2901146 0.59303956
4.4067034 0.45670144
4.5232922 0.1209734
4.639881 0.17380508
4.7564698 0.18081682
4.8730586 0.12109984
4.9896474 0.10690288
5.1062361 0.19858048
5.2228249 0.14835783
5.3394137 0.098883631
5.4560025 0.080521325
5.5725913 0.15725018
5.6891801 0.15364704
5.8057689 0.054844518
5.9223577 0.043793579
6.0389465 0.060094508
6.1555352 0.065335283
6.272124 0.055952472
6.3887128 0.0960925
6.5053016 0.12592899
6.6218904 0.11258915
6.7384792 0.11140448
6.855068 0.055573401
6.9716568 0.067783783
7.0882456 0.076612784
7.2048343 0.061319517
7.3214231 0.093695575
7.4380119 0.059814051
7.5546007 0.060667778
7.6711895 0.058354412
7.7877783 0.065464007
7.9043671 0.036094401
8.0209559 0.04966243
8.1375446 0.074063378
8.2541334 0.03078545
8.3707222 0.048111069
8.487311 0.04946965
8.6038998 0.032859967
8.7204886 0.027391994
8.8370774 0.032570099
8.9536662 0.042186255
9.070255 0.033936976
9.1868437 0.042615399
9.3034325 0.07224718
9.4200213 0
9.5366101 0.048023739
9.6531989 0.052890719
9.7697877 0.17489587
9.8863765 0.0085266236
10.002965 0.014615898
10.119554 0.023657895
10.236143 0.039812398
10.352732 0.054478853
10.46932 0.063902902
10.585909 0.077920715
10.702498 0.11240668
10.819087 0.1207454
10.935676 0.13332771
11.052264 0
11.168853 0.066282279
11.285442 0.24837868
11.402031 0.53891715
11.51862 0.23060869
11.635208 0.05862095
11.751797 0.41772411
11.868386 0.15480761
11.984975 0.14782208
12.101563 0.76941522
12.218152 0.35165873
12.334741 0.39051901
12.45133 0.441861
12.567919 0.191783
12.684507 0.27796254
12.801096 0.50755029
12.917685 0.25255406
13.034274 0.27378993
13.150863 0.48150148
13.267451 0.48741354
13.38404 0.10601759
13.500629 0.035322177
13.617218 0.19002333
13.733806 0.30315107
13.850395 0.17170637
13.966984 0.22195284
14.083573 0.11658388
14.200162 0.034051507
14.31675 0
14.433339 0
14.549928 0
14.666517 2.3746361
14.783106 1.2132498
14.899694 0
15.016283 0
15.132872 0
15.249461 0
15.36605 0
15.482638 0
15.599227 0
15.715816 0
15.832405 0
15.948993 0
16.065582 1.7547016
16.182171 2.0552935
16.29876 0
16.415349 0
16.531937 0
16.648526 0
16.765115 0.036061803
16.881704 0.1312907
16.998293 0.11363522
17.114881 0.041611116
17.23147 0.03434138
17.348059 0.099837195
17.464648 0.003937524
17.581237 0.017597557
17.697825 0.013578466
17.814414 0.040351573
17.931003 0.02729082
18.047592 0.012622458
18.16418 0.0001214587
18.280769 0
18.397358 0
18.513947 0
18.630536 0
18.747124 0
18.863713 0
18.980302 0
19.096891 0
19.21348 0
19.330068 0
19.446657 0
19.563246 0
19.679835 0
19.796423 0
19.913012 0
20.029601 0
20.14619 0
-3.1715678 0
-3.054979 0
-2.9383903 0
-2.8218015 0
-2.7052127 0
-2.5886239 0
-2.4720351 0
-2.3554463 0
-2.2388575 0
-2.1222687 0
-2.0056799 0
-1.8890912 0
-1.7725024 0
-1.6559136 0
-1.5393248 0
-1.422736 0
-1.3061472 0
-1.1895584 0.0009638282
-1.0729696 0.0033023306
-0.95638085 0.0063898063
-0.83979206 0.007307648
-0.72320327 0.007825157
-0.60661448 0.0080681518
-0.49002569 0.0075034103
-0.37343691 0.0058757799
-0.25684812 0.0047426674
-0.14025933 0.0044311329
-0.023670541 0.0044317033
0.092918248 0.0045298731
0.20950704 0.0047422978
0.32609582 0.0054648709
0.44268461 0.0068695632
0.5592734 0.0080573438
0.67586219 0.011283633
0.79245098 0.015156737
0.90903977 0.012490454
1.0256286 0.017659207
1.1422173 0.029516709
1.2588061 0.044814678
1.3753949 0.066078156
1.4919837 0.10071978
1.6085725 0.09420854
1.7251613 0.093602324
1.8417501 0.14659338
1.9583389 0.14409312
2.0749277 0.21294665
2.1915164 0.1769981
2.3081052 0.23423834
2.424694 0.23155083
2.5412828 0.11421934
2.6578716 0.15999173
2.7744604 0.21784
2.8910492 0.13754883
3.007638 0.16353963
3.1242267 0.15194118
3.2408155 0.17982536
3.3574043 0.21172247
3.4739931 0.17381157
3.5905819 0.17934637
3.7071707 0.15634467
3.8237595 0.18151762
3.9403483 0.19889542
4.0569371 0.29701036
4.1735258 0.24790529
4.2901146 0.51878732
4.4067034 0.31265982
4.5232922 0.13597405
4.639881 0.20868716
4.7564698 0.14798589
4.8730586 0.11156817
4.9896474 0.097309118
5.1062361 0.22044324
5.2228249 0.20114224
5.3394137 0.16893458
5.4560025 0.21483259
5.5725913 0.27596293
5.6891801 0.290762
5.8057689 0.10858609
5.9223577 0.12623996
6.0389465 0.20544296
6.1555352 0.25625096
6.272124 0.20516285
6.3887128 0.29217564
6.5053016 0.46131848
6.6218904 0.34706932
6.7384792 0.42316346
6.855068 0.24216618
6.9716568 0.34339333
7.0882456 0.43473759
7.2048343 0.32364431
7.3214231 0.54480133
7.4380119 0.31321209
7.5546007 0.36358315
7.6711895 0.37499528
7.7877783 0.39878452
7.9043671 0.2281458
8.0209559 0.55006283
8.1375446 0.98419433
8.2541334 0.52440627
8.3707222 0.92664207
8.487311 0.73149952
8.6038998 0.34705678
8.7204886 0.19197853
8.8370774 0.065260205
8.9536662 0.062070609
9.070255 0.0415681
9.1868437 0.045623916
9.3034325 0.038368014
9.4200213 0
9.5366101 0.032565428
9.6531989 0.049717118
9.7697877 0.27203447
9.8863765 0.0064592906
10.002965 0.01080683
10.119554 0.019114892
10.236143 0.033044489
10.352732 0.044665267
10.46932 0.058480978
10.585909 0.07703211
10.702498 0.080018774
10.819087 0.10293938
10.935676 0.12505774
11.052264 0
11.168853 0.007869184
11.285442 0.096890044
11.402031 0.44873338
11.51862 0.043264305
11.635208 0.1085854
11.751797 1.0445766
11.868386 0.91213961
11.984975 0.14651422
12.101563 1.1258648
12.218152 0.1780539
12.334741 0.23095879
12.45133 0.2607838
12.567919 0.08863408
12.684507 0.11400077
12.801096 0.19020832
12.917685 0.065777192
13.034274 0.026966165
13.150863 0.085912385
13.267451 0.14168178
13.38404 0.057704892
13.500629 0.02103123
13.617218 0.058487276
13.733806 0.092669656
13.850395 0.14868764
13.966984 0.15108119
14.083573 0.15696797
14.200162 0.027614688
14.31675 0
14.433339 0
14.549928 0
14.666517 0.10071052
14.783106 0.058607276
14.899694 0
15.016283 0
15.132872 0
15.249461 0
15.36605 0
15.482638 0
15.599227 0
15.715816 0
15.832405 0
15.948993 0
16.065582 0.01171277
16.182171 0.010760666
16.29876 0
16.415349 0
16.531937 0
16.648526 0
16.765115 0.0039897509
16.881704 0.010783645
16.998293 0.019135098
17.114881 0.0083559774
17.23147 0.01033242
17.348059 0.027218343
17.464648 0.00275641
17.581237 0.013325998
17.697825 0.015120023
17.814414 0.024717156
17.931003 0.014817991
18.047592 0.006247913
18.16418 0.0004590502
18.280769 0
18.397358 0
18.513947 0
18.630536 0
18.747124 0
18.863713 0
18.980302 0
19.096891 0
19.21348 0
19.330068 0
19.446657 0
19.563246 0
19.679835 0
19.796423 0
19.913012 0
20.029601 0
20.14619 0
-3.1715678 0
-3.054979 0
-2.9383903 0
-2.8218015 0
-2.7052127 0
-2.5886239 0
-2.4720351 0
-2.3554463 0
-2.2388575 0
-2.1222687 0
-2.0056799 0
-1.8890912 0
-1.7725024 0
-1.6559136 0
-1.5393248 0
-1.422736 0
-1.3061472 0
-1.1895584 0.0009913937
-1.0729696 0.0038696302
-0.95638085 0.0067980167
-0.83979206 0.0076704023
-0.72320327 0.0083243443
-0.60661448 0.0087533158
-0.49002569 0.0084676438
-0.37343691 0.0066139389
-0.25684812 0.0050640462
-0.14025933 0.0046113012
-0.023670541 0.004546987
0.092918248 0.0046079354
0.20950704 0.004805266
0.32609582 0.0055377028
0.44268461 0.0071917676
0.5592734 0.0081267929
0.67586219 0.009498368
0.79245098 0.012762562
0.90903977 0.011004402
1.0256286 0.012364806
1.1422173 0.023341274
1.2588061 0.032647714
1.3753949 0.040387787
1.4919837 0.055667729
1.6085725 0.054271636
1.7251613 0.050796662
1.8417501 0.075018739
1.9583389 0.096051038
2.0749277 0.10017064
2.1915164 0.086895517
2.3081052 0.100654
2.424694 0.09890889
2.5412828 0.052836216
2.6578716 0.083120729
2.7744604 0.07494906
2.8910492 0.066951258
3.007638 0.087396071
3.1242267 0.13995789
3.2408155 0.098004489
3.3574043 0.15280913
3.4739931 0.11505773
3.5905819 0.091163247
3.7071707 0.066652378
3.8237595 0.095043722
3.9403483 0.085061781
4.0569371 0.13582802
4.1735258 0.10934847
4.2901146 0.33592431
4.4067034 0.27268685
4.5232922 0.087995818
4.639881 0.17190422
4.7564698 0.19097879
4.8730586 0.1083899
4.9896474 0.11322734
5.1062361 0.27350849
5.2228249 0.26891207
5.3394137 0.23369354
5.4560025 0.23604846
5.5725913 0.27633267
5.6891801 0.28511748
5.8057689 0.13511415
5.9223577 0.13003365
6.0389465 0.29922646
6.1555352 0.33933458
6.272124 0.3042202
6.3887128 0.34486963
6.5053016 0.45727564
6.6218904 0.30588504
6.7384792 0.19903879
6.855068 0.13153833
6.9716568 0.12388847
7.0882456 0.11875411
7.2048343 0.10508211
7.3214231 0.13968973
7.4380119 0.049653375
7.5546007 0.084963039
7.6711895 0.075860979
7.7877783 0.10606399
7.9043671 0.079026336
8.0209559 0.13323265
8.1375446 0.22985899
8.2541334 0.093350231
8.3707222 0.14934828
8.487311 0.14749495
8.6038998 0.08868634
8.7204886 0.054375233
8.8370774 0.023897873
8.9536662 0.019369879
9.070255 0.01737044
9.1868437 0.01880807
9.3034325 0.026786368
9.4200213 0
9.5366101 0.049007917
9.6531989 0.10182683
9.7697877 0.28265695
9.8863765 0.019363748
10.002965 0.029482598
10.119554 0.045304806
10.236143 0.073258734
10.352732 0.11984115
10.46932 0.15427089
10.585909 0.17132652
10.702498 0.15795206
10.819087 0.16844203
10.935676 0.2041473
11.052264 0
11.168853 0.022932842
11.285442 0.16662162
11.402031 0.72296126
11.51862 0.21825074
11.635208 0.17535567
11.751797 0.72286804
11.868386 0.29442729
11.984975 0.02021428
12.101563 0.37947486
12.218152 0.25201799
12.334741 0.5612348
12.45133 0.940432
12.567919 0.32331189
12.684507 0.1965363
12.801096 0.50789947
12.917685 0.17894227
13.034274 0.15447503
13.150863 0.23099091
13.267451 0.38943804
13.38404 0.14422907
13.500629 0.13058363
13.617218 0.47437507
13.733806 0.32979389
13.850395 0.27111509
13.966984 0.22809742
14.083573 0.1128858
14.200162 0.023467903
14.31675 0
14.433339 0
14.549928 0
14.666517 3.8739087
14.783106 0.7957623
14.899694 0
15.016283 0
15.132872 0
15.249461 0
15.36605 0
15.482638 0
15.599227 0
15.715816 0
15.832405 0
15.948993 0
16.065582 0.69384174
16.182171 2.0469307
16.29876 0
16.415349 0
16.531937 0
16.648526 0
16.765115 0.0096403853
16.881704 0.039839952
16.998293 0.088550964
17.114881 0.055405122
17.23147 0.037476481
17.348059 0.074494886
17.464648 0.0055824963
17.581237 0.013803467
17.697825 0.010754417
17.814414 0.024994179
17.931003 0.020415962
18.047592 0.012458001
18.16418 0.0059444739
18.280769 0
18.397358 0
18.513947 0
18.630536 0
18.747124 0
18.863713 0
18.980302 0
19.096891 0
19.21348 0
19.330068 0
19.446657 0
19.563246 0
19.679835 0
19.796423 0
19.913012 0
20.029601 0
20.14619 0
-3.1715678 0
-3.054979 0
-2.9383903 0
-2.8218015 0
-2.7052127 0
-2.5886239 0
-2.4720351 0
-2.3554463 0
-2.2388575 0
-2.1222687 0
-2.0056799 0
-1.8890912 0
-1.7725024 0
-1.6559136 0
-1.5393248 0
-1.422736 0
-1.3061472 0
-1.1895584 0.003113915
-1.0729696 0.0076713354
-0.95638085 0.010457051
-0.83979206 0.01084576
-0.72320327 0.010997695
-0.60661448 0.01124248
-0.49002569 0.0107839
-0.37343691 0.0084068264
-0.25684812 0.0064057101
-0.14025933 0.0056510948
-0.023670541 0.0054216412
0.092918248 0.0053354353
0.20950704 0.0053857083
0.32609582 0.0059397473
0.44268461 0.0073685568
0.5592734 0.0083208307
0.67586219 0.0092287302
0.79245098 0.011764578
0.90903977 0.011128302
1.0256286 0.013272758
1.1422173 0.026976433
1.2588061 0.033740352
1.3753949 0.044859801
1.4919837 0.074262294
1.6085725 0.064418455
1.7251613 0.056470641
1.8417501 0.083003854
1.9583389 0.095832617
2.0749277 0.13276269
2.1915164 0.11545911
2.3081052 0.15612443
2.424694 0.12208493
2.5412828 0.07052185
2.6578716 0.11361925
2.7744604 0.074653071
2.8910492 0.070522862
3.007638 0.078749727
3.1242267 0.067586675
3.2408155 0.059001733
3.3574043 0.11491614
3.4739931 0.087770858
3.5905819 0.064299411
3.7071707 0.043565511
3.8237595 0.054426872
3.9403483 0.047949315
4.0569371 0.091383037
4.1735258 0.053457493
4.2901146 0.17723301
4.4067034 0.1266254
4.5232922 0.095771488
4.639881 0.17828186
4.7564698 0.14421466
4.8730586 0.086699512
4.9896474 0.063425217
5.1062361 0.21115132
5.2228249 0.23295343
5.3394137 0.1997899
5.4560025 0.30493685
5.5725913 0.46923681
5.6891801 0.53001509
5.8057689 0.20169548
5.9223577 0.12724848
6.0389465 0.15979182
6.1555352 0.20326576
6.272124 0.15737047
6.3887128 0.23068318
6.5053016 0.35505244
6.6218904 0.36745727
6.7384792 0.45658244
6.855068 0.20588092
6.9716568 0.25688866
7.0882456 0.20993816
7.2048343 0.231305
7.3214231 0.24261768
7.4380119 0.12264622
7.5546007 0.13981411
7.6711895 0.16321881
7.7877783 0.17139986
7.9043671 0.15885648
8.0209559 0.29456918
8.1375446 0.34141793
8.2541334 0.17005546
8.3707222 0.44721454
8.487311 0.44748734
8.6038998 0.26388486
8.7204886 0.29512461
8.8370774 0.22809333
8.9536662 0.22820632
9.070255 0.26131424
9.1868437 0.43169771
9.3034325 0.64834028
9.4200213 0
9.5366101 0.39698592
9.6531989 0.74252515
9.7697877 2.2500534
9.8863765 0.024536677
10.002965 0.033557104
10.119554 0.048925737
10.236143 0.080952692
10.352732 0.12783036
10.46932 0.12365178
10.585909 0.1916381
10.702498 0.22376546
10.819087 0.33672546
10.935676 0.33616739
11.052264 0
11.168853 0.0066575073
11.285442 0.047148039
11.402031 0.073510465
11.51862 0.018831795
11.635208 0.014200341
11.751797 0.12378229
11.868386 0.067065911
11.984975 0.017138216
12.101563 0.18229963
12.218152 0.11177625
12.334741 0.1992842
12.45133 0.58556258
12.567919 0.16064036
12.684507 0.16096037
12.801096 0.40987021
12.917685 0.17499669
13.034274 0.098966016
13.150863 0.23082852
13.267451 0.52967642
13.38404 0.17429334
13.500629 0.10892463
13.617218 0.47707578
13.733806 0.93138965
13.850395 0.44787529
13.966984 0.72889667
14.083573 0.75053767
14.200162 0.18065693
14.31675 0
14.433339 0
14.549928 0
14.666517 0.23754661
14.783106 0.088788749
14.899694 0
15.016283 0
15.132872 0
15.249461 0
15.36605 0
15.482638 0
15.599227 0
15.715816 0
15.832405 0
15.948993 0
16.065582 0.080955821
16.182171 0.20127461
16.29876 0
16.415349 0
16.531937 0
16.648526 0
16.765115 0.0092684104
16.881704 0.021568994
16.998293 0.032693278
17.114881 0.022856057
17.23147 0.023598129
17.348059 0.031133418
17.464648 0.0046414631
17.581237 0.020745872
17.697825 0.013634211
17.814414 0.022663932
17.931003 0.014670116
18.047592 0.0086777415
18.16418 0.0038167713
18.280769 0
18.397358 0
18.513947 0
18.630536 0
18.747124 0
18.863713 0
18.980302 0
19.096891 0
19.21348 0
19.330068 0
19.446657 0
19.563246 0
19.679835 0
19.796423 0
19.913012 0
20.029601 0
20.14619 0
-3.1715678 0
-3.054979 0
-2.9383903 0
-2.8218015 0
-2.7052127 0
-2.5886239 0
-2.4720351 0
-2.3554463 0
-2.2388575 0
-2.1222687 0
-2.0056799 0
-1.8890912 0
-1.7725024 0
-1.6559136 0
-1.5393248 0
-1.422736 0
-1.3061472 0
-1.1895584 0.0018463372
-1.0729696 0.0046726978
-0.95638085 0.0065483138
-0.83979206 0.0067967043
-0.72320327 0.0070994587
-0.60661448 0.0073115115
-0.49002569 0.0067298283
-0.37343691 0.0050865244
-0.25684812 0.0037992958
-0.14025933 0.0034269522
-0.023670541 0.003303935
0.092918248 0.0032586057
0.20950704 0.0033106918
0.32609582 0.0037705517
0.44268461 0.004556216
0.5592734 0.0056445636
0.67586219 0.0070259286
0.79245098 0.0089204476
0.90903977 0.0073548314
1.0256286 0.0098147847
1.1422173 0.017791573
1.2588061 0.029413864
1.3753949 0.039189261
1.4919837 0.058828375
1.6085725 0.057047725
1.7251613 0.055620763
1.8417501 0.088958089
1.9583389 0.13259437
2.0749277 0.14530883
2.1915164 0.13358193
2.3081052 0.16230836
2.424694 0.1555222
2.5412828 0.10985666
2.6578716 0.093525934
2.7744604 0.088432018
2.8910492 0.078796739
3.007638 0.083664433
3.1242267 0.073177732
3.2408155 0.060316222
3.3574043 0.10830797
3.4739931 0.089498751
3.5905819 0.083393956
3.7071707 0.049007883
3.8237595 0.090538791
3.9403483 0.1578657
4.0569371 0.18399397
4.1735258 0.10559665
4.2901146 0.18465665
4.4067034 0.22468471
4.5232922 0.14651569
4.639881 0.25115911
4.7564698 0.15715657
4.8730586 0.097368257
4.9896474 0.12001061
5.1062361 0.49564343
5.2228249 0.38141429
5.3394137 0.27678054
5.4560025 0.29893389
5.5725913 0.42307537
5.6891801 0.29434665
5.8057689 0.080123994
5.9223577 0.078723027
6.0389465 0.11708549
6.1555352 0.12291328
6.272124 0.13184749
6.3887128 0.33847291
6.5053016 0.61062195
6.6218904 0.42469296
6.7384792 0.72364484
6.855068 0.29857102
6.9716568 0.36466717
7.0882456 0.28361818
7.2048343 0.24972013
7.3214231 0.29123494
7.4380119 0.18240325
7.5546007 0.20223508
7.6711895 0.19136775
7.7877783 0.21425347
7.9043671 0.18091441
8.0209559 0.42606764
8.1375446 0.63826829
8.2541334 0.23863513
8.3707222 0.53374286
8.487311 0.45736475
8.6038998 0.23937387
8.7204886 0.17189845
8.8370774 0.52795771
8.9536662 0.68559288
9.070255 0.46727311
9.1868437 0.43673029
9.3034325 0.5381647
9.4200213 0
9.5366101 0.17558743
9.6531989 0.31370293
9.7697877 0.81228573
9.8863765 0.032943841
10.002965 0.021380803
10.119554 0.028998132
10.236143 0.050427357
10.352732 0.10454944
10.46932 0.1078375
10.585909 0.14392133
10.702498 0.16666199
10.819087 0.20821531
10.935676 0.24023035
11.052264 0
11.168853 0.012573718
11.285442 0.033410715
11.402031 0.069378398
11.51862 0.016421597
11.635208 0.043033551
11.751797 0.13200473
11.868386 0.15418947
11.984975 0.013006363
12.101563 0.40254952
12.218152 0.15618515
12.334741 0.33973526
12.45133 0.85637662
12.567919 0.41965649
12.684507 0.4023408
12.801096 0.76043661
12.917685 0.26407041
13.034274 0.1375335
13.150863 0.1284751
13.267451 0.25176779
13.38404 0.1244138
13.500629 0.055981892
13.617218 0.38372154
13.733806 0.73083137
13.850395 0.50136453
13.966984 0.37506445
14.083573 0.18925357
14.200162 0.011651203
14.31675 0
14.433339 0
14.549928 0
14.666517 0.13454403
14.783106 0.023777241
14.899694 0
15.016283 0
15.132872 0
15.249461 0
15.36605 0
15.482638 0
15.599227 0
15.715816 0
15.832405 0
15.948993 0
16.065582 0.074650617
16.182171 0.16529435
16.29876 0
16.415349 0
16.531937 0
16.648526 0
16.765115 0.0092395263
16.881704 0.022685826
16.998293 0.028172566
17.114881 0.015140506
17.23147 0.021777652
17.348059 0.027049787
17.464648 0.0032789082
17.581237 0.013242043
17.697825 0.012725104
17.814414 0.018240021
17.931003 0.012192334
18.047592 0.0060132325
18.16418 0.000377527
18.280769 0
18.397358 0
18.513947 0
18.630536 0
18.747124 0
18.863713 0
18.980302 0
19.096891 0
19.21348 0
19.330068 0
19.446657 0
19.563246 0
19.679835 0
19.796423 0
19.913012 0
20.029601 0
20.14619 0
-3.1715678 0
-3.054979 0
-2.9383903 0
-2.8218015 0
-2.7052127 0
-2.5886239 0
-2.4720351 0
-2.3554463 0
-2.2388575 0
-2.1222687 0
-2.0056799 0
-1.8890912 0
-1.7725024 0
-1.6559136 0
-1.5393248 0
-1.422736 0
-1.3061472 0
-1.1895584 0.0011195762
-1.0729696 0.0035071993
-0.95638085 0.0057647327
-0.83979206 0.0066898116
-0.72320327 0.0073566427
-0.60661448 0.0078727058
-0.49002569 0.0075533168
-0.37343691 0.0058359574
-0.25684812 0.0044273446
-0.14025933 0.0040294638
-0.023670541 0.0039607251
0.092918248 0.0039960662
0.20950704 0.00414713
0.32609582 0.0047869609
0.44268461 0.0060707249
0.5592734 0.0069553976
0.67586219 0.0082649008
0.79245098 0.011505348
0.90903977 0.0095329156
1.0256286 0.011477826
1.1422173 0.020536868
1.2588061 0.031284988
1.3753949 0.039231654
1.4919837 0.058447662
1.6085725 0.049551623
1.7251613 0.044707257
1.8417501 0.051264663
1.9583389 0.061185299
2.0749277 0.069492884
2.1915164 0.065232635
2.3081052 0.082264701
2.424694 0.070692698
2.5412828 0.043657804
2.6578716 0.067198243
2.7744604 0.073441144
2.8910492 0.07061465
3.007638 0.10123637
3.1242267 0.07512866
3.2408155 0.077003194
3.3574043 0.17625311
3.4739931 0.11522795
3.5905819 0.096638466
3.7071707 0.058318208
3.8237595 0.083827538
3.9403483 0.1069464
4.0569371 0.14846429
4.1735258 0.077921612
4.2901146 0.13933529
4.4067034 0.087423276
4.5232922 0.05086535
4.639881 0.083781395
4.7564698 0.091687553
4.8730586 0.051880459
4.9896474 0.050420881
5.1062361 0.10872729
5.2228249 0.10955561
5.3394137 0.064888376
5.4560025 0.081707097
5.5725913 0.12780852
5.6891801 0.12652468
5.8057689 0.054589149
5.9223577 0.053943613
6.0389465 0.11431973
6.1555352 0.14728984
6.272124 0.18398509
6.3887128 0.41027447
6.5053016 0.78160629
6.6218904 0.38302914
6.7384792 0.3452656
6.855068 0.17558438
6.9716568 0.2143479
7.0882456 0.2531852
7.2048343 0.20893844
7.3214231 0.30899549
7.4380119 0.13560357
7.5546007 0.20378818
7.6711895 0.26576745
7.7877783 0.22086602
7.9043671 0.089765917
8.0209559 0.19390459
8.1375446 0.25429757
8.2541334 0.10519968
8.3707222 0.16905918
8.487311 0.2266766
8.6038998 0.12723111
8.7204886 0.099039714
8.8370774 0.088485827
8.9536662 0.075197579
9.070255 0.050420878
9.1868437 0.05979335
9.3034325 0.055865636
9.4200213 0
9.5366101 0.093790755
9.6531989 0.18163056
9.7697877 0.57477442
9.8863765 0.033650057
10.002965 0.053715495
10.119554 0.083867
10.236143 0.13216931
10.352732 0.17638627
10.46932 0.20488535
10.585909 0.23070044
10.702498 0.24151874
10.819087 0.29340279
10.935676 0.33039526
11.052264 0
11.168853 0.18555406
11.285442 0.78284989
11.402031 1.5444733
11.51862 0.44559985
11.635208 0.22370021
11.751797 0.68315838
11.868386 0.31506933
11.984975 0.020273741
12.101563 0.56463819
12.218152 0.17520055
12.334741 0.35393043
12.45133 0.56047737
12.567919 0.23412462
12.684507 0.19613538
12.801096 0.480857
12.917685 0.13132283
13.034274 0.1263217
13.150863 0.4828435
13.267451 0.55407546
13.38404 0.1991941
13.500629 0.33797182
13.617218 1.1897492
13.733806 1.0178558
13.850395 0.70061562
13.966984 0.27972306
14.083573 0.22507133
14.200162 0.066603226
14.31675 0
14.433339 0
14.549928 0
14.666517 0.29516688
14.783106 0.072650027
14.899694 0
15.016283 0
15.132872 0
15.249461 0
15.36605 0
15.482638 0
15.599227 0
15.715816 0
15.832405 0
15.948993 0
16.065582 0.29332134
16.182171 1.0630046
16.29876 0
16.415349 0
16.531937 0
16.648526 0
16.765115 0.0090877058
16.881704 0.025797258
16.998293 0.029567595
17.114881 0.020724863
17.23147 0.034326169
17.348059 0.029022072
17.464648 0.002617854
17.581237 0.009628761
17.697825 0.010655711
17.814414 0.022051446
17.931003 0.011981646
18.047592 0.0057781669
18.16418 0.0001067994
18.280769 0
18.397358 0
18.513947 0
18.630536 0
18.747124 0
18.863713 0
18.980302 0
19.096891 0
19.21348 0
19.330068 0
19.446657 0
19.563246 0
19.679835 0
19.796423 0
19.913012 0
20.029601 0
20.14619 0
-3.1715678 0
-3.054979 0
-2.9383903 0
-2.8218015 0
-2.7052127 0
-2.5886239 0
-2.4720351 0
-2.3554463 0
-2.2388575 0
-2.1222687 0
-2.0056799 0
-1.8890912 0
-1.7725024 0
-1.6559136 0
-1.5393248 0
-1.422736 0
-1.3061472 0
-1.1895584 0.0047958339
-1.0729696 0.013247337
-0.95638085 0.01904924
-0.83979206 0.021593969
-0.72320327 0.022783352
-0.60661448 0.023080995
-0.49002569 0.022365993
-0.37343691 0.018296945
-0.25684812 0.014889562
-0.14025933 0.01374414
-0.023670541 0.013731324
0.092918248 0.014055799
0.20950704 0.014678167
0.32609582 0.016408761
0.44268461 0.02132876
0.5592734 0.022456547
0.67586219 0.025993484
0.79245098 0.036820342
0.90903977 0.032820774
1.0256286 0.041452355
1.1422173 0.08536656
1.2588061 0.11128652
1.3753949 0.16550003
1.4919837 0.26562242
1.6085725 0.17466179
1.7251613 0.14659432
1.8417501 0.20381717
1.9583389 0.20326677
2.0749277 0.177837
2.1915164 0.1647345
2.3081052 0.17837395
2.424694 0.24213794
2.5412828 0.13079346
2.6578716 0.27431736
2.7744604 0.16082069
2.8910492 0.17841839
3.007638 0.19428207
3.1242267 0.18358862
3.2408155 0.14305408
3.3574043 0.2245302
3.4739931 0.27329054
3.5905819 0.25565867
3.7071707 0.13673503
3.8237595 0.31466568
3.9403483 0.48689954
4.0569371 0.6307677
4.1735258 0.33177169
4.2901146 0.5248073
4.4067034 0.38055359
4.5232922 0.14283237
4.639881 0.15095697
4.7564698 0.15014576
4.8730586 0.12441238
4.9896474 0.081451571
5.1062361 0.18317364
5.2228249 0.13111589
5.3394137 0.085316408
5.4560025 0.094461896
5.5725913 0.18391147
5.6891801 0.14108698
5.8057689 0.057085624
5.9223577 0.037097744
6.0389465 0.054073015
6.1555352 0.054321255
6.272124 0.052121031
6.3887128 0.10383182
6.5053016 0.13630227
6.6218904 0.088570883
6.7384792 0.12888786
6.855068 0.048512658
6.9716568 0.064817951
7.0882456 0.070190332
7.2048343 0.063359175
7.3214231 0.096537561
7.4380119 0.049940214
7.5546007 0.064065787
7.6711895 0.06007709
7.7877783 0.067802906
7.9043671 0.035396635
8.0209559 0.049092957
8.1375446 0.074288479
8.2541334 0.030932642
8.3707222 0.049380201
8.487311 0.052093353
8.6038998 0.029378424
8.7204886 0.029570956
8.8370774 0.034347923
8.9536662 0.033116329
9.070255 0.032713092
9.1868437 0.041349831
9.3034325 0.042856213
9.4200213 0
9.5366101 0.031904591
9.6531989 0.05974099
9.7697877 0.17343645
9.8863765 0.0083810084
10.002965 0.01389828
10.119554 0.022499544
10.236143 0.038047983
10.352732 0.054082978
10.46932 0.055386559
10.585909 0.067065411
10.702498 0.089355286
10.819087 0.12930267
10.935676 0.16020385
11.052264 0
11.168853 0.062241755
11.285442 0.22964579
11.402031 0.48862685
11.51862 0.22966238
11.635208 0.059457681
11.751797 0.37441808
11.868386 0.12459052
11.984975 0.096249283
12.101563 0.80001134
12.218152 0.39422769
12.334741 0.25951425
12.45133 0.49869848
12.567919 0.1874474
12.684507 0.26502957
12.801096 0.41072994
12.917685 0.26058558
13.034274 0.29003367
13.150863 0.58582228
13.267451 0.45848195
13.38404 0.11073811
13.500629 0.030567823
13.617218 0.20220618
13.733806 0.28441349
13.850395 0.24124912
13.966984 0.2190639
14.083573 0.10117073
14.200162 0.03389912
14.31675 0
14.433339 0
14.549928 0
14.666517 1.7329621
14.783106 0.42897358
14.899694 0
15.016283 0
15.132872 0
15.249461 0
15.36605 0
15.482638 0
15.599227 0
15.715816 0
15.832405 0
15.948993 0
16.065582 1.7308615
16.182171 4.9668936
16.29876 0
16.415349 0
16.531937 0
16.648526 0
16.765115 0.028234799
16.881704 0.15065762
16.998293 0.11428988
17.114881 0.080500943
17.23147 0.063057593
17.348059 0.073761963
17.464648 0.0050814824
17.581237 0.021968161
17.697825 0.017583184
17.814414 0.043709705
17.931003 0.0302989
18.047592 0.013819214
18.16418 0.0001707733
18.280769 0
18.397358 0
18.513947 0
18.630536 0
18.747124 0
18.863713 0
18.980302 0
19.096891 0
19.21348 0
19.330068 0
19.446657 0
19.563246 0
19.679835 0
19.796423 0
19.913012 0
20.029601 0
20.14619 0
-3.1715678 0
-3.054979 0
-2.9383903 0
-2.8218015 0
-2.7052127 0
-2.5886239 0
-2.4720351 0
-2.3554463 0
-2.2388575 0
-2.1222687 0
-2.0056799 0
-1.8890912 0
-1.7725024 0
-1.6559136 0
-1.5393248 0
-1.422736 0
-1.3061472 0
-1.1895584 0.0009266822
-1.0729696 0.0036994035
-0.95638085 0.0066424524
-0.83979206 0.0074616384
-0.72320327 0.0079746365
-0.60661448 0.0082821965
-0.49002569 0.0077018923
-0.37343691 0.0058500708
-0.25684812 0.0045063822
-0.14025933 0.004116974
-0.023670541 0.0040352037
0.092918248 0.0040506491
0.20950704 0.0041833222
0.32609582 0.0047791051
0.44268461 0.0059581269
0.5592734 0.0073457631
0.67586219 0.010271084
0.79245098 0.014140353
0.90903977 0.011803231
1.0256286 0.019129438
1.1422173 0.032193743
1.2588061 0.048522952
1.3753949 0.06301872
1.4919837 0.1069739
1.6085725 0.092160466
1.7251613 0.096363746
1.8417501 0.12969939
1.9583389 0.16095114
2.0749277 0.22930233
2.1915164 0.19678206
2.3081052 0.22349136
2.424694 0.19561594
2.5412828 0.12160803
2.6578716 0.15664196
2.7744604 0.20659032
2.8910492 0.14534165
3.007638 0.16348563
3.1242267 0.16441046
3.2408155 0.14177066
3.3574043 0.22321465
3.4739931 0.16733217
3.5905819 0.17398838
3.7071707 0.14840481
3.8237595 0.18201939
3.9403483 0.17620772
4.0569371 0.30086908
4.1735258 0.2526169
4.2901146 0.41311878
4.4067034 0.32955033
4.5232922 0.1401785
4.639881 0.23518678
4.7564698 0.14044601
4.8730586 0.11730625
4.9896474 0.11161515
5.1062361 0.25303163
5.2228249 0.19448978
5.3394137 0.18995684
5.4560025 0.17114429
5.5725913 0.26569491
5.6891801 0.26287653
5.8057689 0.12376011
5.9223577 0.11201356
6.0389465 0.17382559
6.1555352 0.30288048
6.272124 0.20655951
6.3887128 0.32900925
6.5053016 0.43215846
6.6218904 0.30946239
6.7384792 0.53546487
6.855068 0.23027072
6.9716568 0.34625495
7.0882456 0.4537103
7.2048343 0.30940186
7.3214231 0.45536614
7.4380119 0.34291918
7.5546007 0.35521012
7.6711895 0.36446369
7.7877783 0.36808682
7.9043671 0.22559247
8.0209559 0.42936655
8.1375446 0.98317434
8.2541334 0.5948454
8.3707222 0.897765
8.487311 1.0443676
8.6038998 0.40731104
8.7204886 0.20784693
8.8370774 0.066184399
8.9536662 0.067441895
9.070255 0.041670083
9.1868437 0.046676487
9.3034325 0.055186147
9.4200213 0
9.5366101 0.044984079
9.6531989 0.063592607
9.7697877 0.19171691
9.8863765 0.0068288613
10.002965 0.012041153
10.119554 0.021517948
10.236143 0.038187752
10.352732 0.064651165
10.46932 0.051599701
10.585909 0.072961076
10.702498 0.089947456
10.819087 0.086583268
10.935676 0.11982659
11.052264 0
11.168853 0.0077584941
11.285442 0.097432641
11.402031 0.36759339
11.51862 0.039851952
11.635208 0.14065444
11.751797 0.98789435
11.868386 0.82969407
11.984975 0.14875104
12.101563 1.1798501
12.218152 0.23615156
12.334741 0.28189873
12.45133 0.34813004
12.567919 0.076081443
12.684507 0.089361307
12.801096 0.20232325
12.917685 0.064739524
13.034274 0.026645311
13.150863 0.085878332
13.267451 0.14226649
13.38404 0.05062682
13.500629 0.018855896
13.617218 0.065456925
13.733806 0.11625168
13.850395 0.15788882
13.966984 0.17059113
14.083573 0.13572685
14.200162 0.025979384
14.31675 0
14.433339 0
14.549928 0
14.666517 0.13739678
14.783106 0.027025613
14.899694 0
15.016283 0
15.132872 0
15.249461 0
15.36605 0
15.482638 0
15.599227 0
15.715816 0
15.832405 0
15.948993 0
16.065582 0.013109625
16.182171 0.017003518
16.29876 0
16.415349 0
16.531937 0
16.648526 0
16.765115 0.0049018993
16.881704 0.01063937
16.998293 0.016203018
17.114881 0.0076395986
17.23147 0.0091592567
17.348059 0.032722556
17.464648 0.0026845042
17.581237 0.010482613
17.697825 0.009742234
17.814414 0.022258896
17.931003 0.016971849
18.047592 0.0068222563
18.16418 0.0004860056
18.280769 0
18.397358 0
18.513947 0
18.630536 0
18.747124 0
18.863713 0
18.980302 0
19.096891 0
19.21348 0
19.330068 0
19.446657 0
19.563246 0
19.679835 0
19.796423 0
19.913012 0
20.029601 0
20.14619 0
-3.1715678 0
-3.054979 0
-2.9383903 0
-2.8218015 0
-2.7052127 0
-2.5886239 0
-2.4720351 0
-2.3554463 0
-2.2388575 0
-2.1222687 0
-2.0056799 0
-1.8890912 0
-1.7725024 0
-1.6559136 0
-1.5393248 0
-1.422736 0
-1.3061472 0
-1.1895584 0.0007195215
-1.0729696 0.0033436586
-0.95638085 0.0061179444
-0.83979206 0.0067207304
-0.72320327 0.0072415678
-0.60661448 0.0073955854
-0.49002569 0.0068556903
-0.37343691 0.0052425312
-0.25684812 0.0039700851
-0.14025933 0.0036430814
-0.023670541 0.003571973
0.092918248 0.0035831219
0.20950704 0.0036961488
0.32609582 0.0042425748
0.44268461 0.005226004
0.5592734 0.0064692886
0.67586219 0.0086183439
0.79245098 0.012250035
0.90903977 0.010699778
1.0256286 0.013776751
1.1422173 0.022691067
1.2588061 0.031767745
1.3753949 0.042921539
1.4919837 0.055735067
1.6085725 0.060775171
1.7251613 0.054991872
1.8417501 0.090126452
1.9583389 0.098832209
2.0749277 0.10271855
2.1915164 0.082094513
2.3081052 0.10857935
2.424694 0.1004402
2.5412828 0.049785112
2.6578716 0.094801435
2.7744604 0.073182017
2.8910492 0.069016864
3.007638 0.095583519
3.1242267 0.12543643
3.2408155 0.10559668
3.3574043 0.15016872
3.4739931 0.11086952
3.5905819 0.11045076
3.7071707 0.068653028
3.8237595 0.10832242
3.9403483 0.08980307
4.0569371 0.16148936
4.1735258 0.14376035
4.2901146 0.50159193
4.4067034 0.20641902
4.5232922 0.11813763
4.639881 0.17045873
4.7564698 0.2049541
4.8730586 0.12016619
4.9896474 0.13468314
5.1062361 0.35286219
5.2228249 0.23153675
5.3394137 0.19908617
5.4560025 0.28254933
5.5725913 0.29699053
5.6891801 0.26545852
5.8057689 0.14137295
5.9223577 0.14859427
6.0389465 0.31792246
6.1555352 0.30937752
6.272124 0.23852642
6.3887128 0.25623968
6.5053016 0.42045927
6.6218904 0.22847338
6.7384792 0.20950687
6.855068 0.1217418
6.9716568 0.11222687
7.0882456 0.11225538
7.2048343 0.089402332
7.3214231 0.12254574
7.4380119 0.05253207
7.5546007 0.084061917
7.6711895 0.074408364
7.7877783 0.099018762
7.9043671 0.077910063
8.0209559 0.13080466
8.1375446 0.22084893
8.2541334 0.087699553
8.3707222 0.13591733
8.487311 0.14494403
8.6038998 0.083830072
8.7204886 0.048857877
8.8370774 0.021538391
8.9536662 0.01925458
9.070255 0.016382663
9.1868437 0.018079492
9.3034325 0.028987998
9.4200213 0
9.5366101 0.056812802
9.6531989 0.075014166
9.7697877 0.35517985
9.8863765 0.014709147
10.002965 0.024989657
10.119554 0.039575001
10.236143 0.063729188
10.352732 0.092879303
10.46932 0.15259557
10.585909 0.16757022
10.702498 0.15050087
10.819087 0.16307862
10.935676 0.18706618
11.052264 0
11.168853 0.021386983
11.285442 0.14021922
11.402031 0.60027235
11.51862 0.3388716
11.635208 0.15586043
11.751797 0.76657999
11.868386 0.38462316
11.984975 0.029197995
12.101563 0.40847318
12.218152 0.22067591
12.334741 0.44941242
12.45133 0.85771379
12.567919 0.35549112
12.684507 0.20640143
12.801096 0.53230375
12.917685 0.22308466
13.034274 0.16338946
13.150863 0.21937621
13.267451 0.40700376
13.38404 0.14214704
13.500629 0.11157082
13.617218 0.38374767
13.733806 0.37823808
13.850395 0.26701622
13.966984 0.22961149
14.083573 0.10954718
14.200162 0.021828375
14.31675 0
14.433339 0
14.549928 0
14.666517 2.9894293
14.783106 2.3516728
14.899694 0
15.016283 0
15.132872 0
15.249461 0
15.36605 0
15.482638 0
15.599227 0
15.715816 0
15.832405 0
15.948993 0
16.065582 0.53354649
16.182171 1.4556074
16.29876 0
16.415349 0
16.531937 0
16.648526 0
16.765115 0.010957503
16.881704 0.05615228
16.998293 0.079443362
17.114881 0.054506763
17.23147 0.030729775
17.348059 0.10636855
17.464648 0.0056455923
17.581237 0.012091411
17.697825 0.014610224
17.814414 0.028448262
17.931003 0.020160492
18.047592 0.012929509
18.16418 0.0062086395
18.280769 0
18.397358 0
18.513947 0
18.630536 0
18.747124 0
18.863713 0
18.980302 0
19.096891 0
19.21348 0
19.330068 0
19.446657 0
19.563246 0
19.679835 0
19.796423 0
19.913012 0
20.029601 0
20.14619 0
-3.1715678 0
-3.054979 0
-2.9383903 0
-2.8218015 0
-2.7052127 0
-2.5886239 0
-2.4720351 0
-2.3554463 0
-2.2388575 0
-2.1222687 0
-2.0056799 0
-1.8890912 0
-1.7725024 0
-1.6559136 0
-1.5393248 0
-1.422736 0
-1.3061472 0
-1.1895584 0.002244436
-1.0729696 0.0064639317
-0.95638085 0.0090124988
-0.83979206 0.0089224086
-0.72320327 0.0091625627
-0.60661448 0.0091743185
-0.49002569 0.0083661988
-0.37343691 0.0064252733
-0.25684812 0.0049322857
-0.14025933 0.0045518467
-0.023670541 0.0044478281
0.092918248 0.0044440125
0.20950704 0.0045563827
0.32609582 0.0051193063
0.44268461 0.0062516807
0.5592734 0.0077730934
0.67586219 0.010678569
0.79245098 0.014811712
0.90903977 0.012350806
1.0256286 0.016102052
1.1422173 0.023189
1.2588061 0.033213543
1.3753949 0.040208326
1.4919837 0.068282065
1.6085725 0.071844468
1.7251613 0.056907171
1.8417501 0.093874588
1.9583389 0.10486056
2.0749277 0.13568918
2.1915164 0.11167428
2.3081052 0.14030597
2.424694 0.15171785
2.5412828 0.061742425
2.6578716 0.10238402
2.7744604 0.080569109
2.8910492 0.08266939
3.007638 0.082037125
3.1242267 0.067403805
3.2408155 0.055847914
3.3574043 0.10820885
3.4739931 0.082901105
3.5905819 0.06971353
3.7071707 0.037312109
3.8237595 0.05004122
3.9403483 0.046765861
4.0569371 0.08625281
4.1735258 0.061374566
4.2901146 0.15978719
4.4067034 0.12056569
4.5232922 0.10577638
4.639881 0.19468003
4.7564698 0.13990501
4.8730586 0.083791481
4.9896474 0.054504213
5.1062361 0.18246242
5.2228249 0.1989099
5.3394137 0.19452781
5.4560025 0.27840705
5.5725913 0.51434289
5.6891801 0.55747853
5.8057689 0.18032614
5.9223577 0.14359986
6.0389465 0.16668572
6.1555352 0.21439122
6.272124 0.16774382
6.3887128 0.22447096
6.5053016 0.37055862
6.6218904 0.4014878
6.7384792 0.45445682
6.855068 0.21503889
6.9716568 0.25279427
7.0882456 0.2524468
7.2048343 0.23044761
7.3214231 0.26514742
7.4380119 0.11791609
7.5546007 0.14979713
7.6711895 0.15655675
7.7877783 0.18745087
7.9043671 0.15297016
8.0209559 0.28871555
8.1375446 0.3198829
8.2541334 0.18950931
8.3707222 0.40090378
8.487311 0.46656718
8.6038998 0.24560877
8.7204886 0.28677919
8.8370774 0.21689853
8.9536662 0.24278513
9.070255 0.27222393
9.1868437 0.43681961
9.3034325 0.5966133
9.4200213 0
9.5366101 0.43023576
9.6531989 0.69367884
9.7697877 2.1228989
9.8863765 0.02320254
10.002965 0.032351748
10.119554 0.047998275
10.236143 0.081060823
10.352732 0.13991567
10.46932 0.11879023
10.585909 0.18747685
10.702498 0.23896466
10.819087 0.31114305
10.935676 0.28002566
11.052264 0
11.168853 0.0068288094
11.285442 0.042858413
11.402031 0.071513246
11.51862 0.025964515
11.635208 0.014257336
11.751797 0.1249363
11.868386 0.078797761
11.984975 0.016400724
12.101563 0.19786485
12.218152 0.11119859
12.334741 0.24057553
12.45133 0.44813264
12.567919 0.15602888
12.684507 0.18382734
12.801096 0.3542774
12.917685 0.20662143
13.034274 0.11148255
13.150863 0.24811407
13.267451 0.49807965
13.38404 0.16468475
13.500629 0.11171373
13.617218 0.43001547
13.733806 0.82951838
13.850395 0.44920477
13.966984 0.73465322
14.083573 0.73001127
14.200162 0.17794023
14.31675 0
14.433339 0
14.549928 0
14.666517 0.25340385
14.783106 0.17531004
14.899694 0
15.016283 0
15.132872 0
15.249461 0
15.36605 0
15.482638 0
15.599227 0
15.715816 0
15.832405 0
15.948993 0
16.065582 0.074206763
16.182171 0.098475916
16.29876 0
16.415349 0
16.531937 0
16.648526 0
16.765115 0.0096078359
16.881704 0.022276493
16.998293 0.027462343
17.114881 0.02254272
17.23147 0.019133912
17.348059 0.033020237
17.464648 0.0044602837
17.581237 0.017244835
17.697825 0.015459623
17.814414 0.020578971
17.931003 0.014880024
18.047592 0.0088144693
18.16418 0.0038364793
18.280769 0
18.397358 0
18.513947 0
18.630536 0
18.747124 0
18.863713 0
18.980302 0
19.096891 0
19.21348 0
19.330068 0
19.446657 0
19.563246 0
19.679835 0
19.796423 0
19.913012 0
20.029601 0
20.14619 0
-3.1715678 0
-3.054979 0
-2.9383903 0
-2.8218015 0
-2.7052127 0
-2.5886239 0
-2.4720351 0
-2.3554463 0
-2.2388575 0
-2.1222687 0
-2.0056799 0
-1.8890912 0
-1.7725024 0
-1.6559136 0
-1.5393248 0
-1.422736 0
-1.3061472 0
-1.1895584 0.0011347446
-1.0729696 0.0040743094
-0.95638085 0.0073150967
-0.83979206 0.0081572229
-0.72320327 0.0086294151
-0.60661448 0.0088966141
-0.49002569 0.0082512803
-0.37343691 0.0066078806
-0.25684812 0.0053168832
-0.14025933 0.0049580123
-0.023670541 0.0049462329
0.092918248 0.0050309963
0.20950704 0.0052268804
0.32609582 0.005966723
0.44268461 0.0075442531
0.5592734 0.0084363037
0.67586219 0.0099441892
0.79245098 0.013669537
0.90903977 0.012198526
1.0256286 0.015069053
1.1422173 0.028906408
1.2588061 0.044781464
1.3753949 0.067806935
1.4919837 0.10878783
1.6085725 0.098598213
1.7251613 0.084809874
1.8417501 0.14817761
1.9583389 0.17373222
2.0749277 0.22437032
2.1915164 0.1654113
2.3081052 0.22273849
2.424694 0.18801797
2.5412828 0.12644808
2.6578716 0.18450485
2.7744604 0.21499798
2.8910492 0.13536172
3.007638 0.18923324
3.1242267 0.13961811
3.2408155 0.14228471
3.3574043 0.201622
3.4739931 0.15762353
3.5905819 0.17759664
3.7071707 0.16607195
3.8237595 0.18769244
3.9403483 0.16809855
4.0569371 0.30292014
4.1735258 0.21964564
4.2901146 0.50383809
4.4067034 0.27905124
4.5232922 0.1345172
4.639881 0.24641537
4.7564698 0.1776055
4.8730586 0.10805284
4.9896474 0.096036541
5.1062361 0.22919334
5.2228249 0.19260344
5.3394137 0.1899361
5.4560025 0.18644406
5.5725913 0.31267413
5.6891801 0.27199838
5.8057689 0.11609063
5.9223577 0.11497427
6.0389465 0.2022105
6.1555352 0.27804971
6.272124 0.21621659
6.3887128 0.33966688
6.5053016 0.43234561
6.6218904 0.30959911
6.7384792 0.44879314
6.855068 0.24215329
6.9716568 0.34155944
7.0882456 0.41536142
7.2048343 0.31827388
7.3214231 0.49745788
7.4380119 0.32269042
7.5546007 0.32758849
7.6711895 0.35608812
7.7877783 0.39743852
7.9043671 0.22988527
8.0209559 0.48539301
8.1375446 0.95384577
8.2541334 0.59892966
8.3707222 0.98299219
8.487311 0.78816591
8.6038998 0.34031983
8.7204886 0.18950477
8.8370774 0.066076534
8.9536662 0.056351046
9.070255 0.044709556
9.1868437 0.047828841
9.3034325 0.043311313
9.4200213 0
9.5366101 0.041920379
9.6531989 0.062492596
9.7697877 0.25629798
9.8863765 0.00615457
10.002965 0.010762155
10.119554 0.019386266
10.236143 0.034016285
10.352732 0.048177114
10.46932 0.058993237
10.585909 0.076282151
10.702498 0.083671681
10.819087 0.09375588
10.935676 0.12714552
11.052264 0
11.168853 0.0068362491
11.285442 0.10230975
11.402031 0.4003558
11.51862 0.03626518
11.635208 0.11225077
11.751797 0.95421772
11.868386 0.92873462
11.984975 0.15968285
12.101563 1.3138949
12.218152 0.22891626
12.334741 0.25167563
12.45133 0.33246656
12.567919 0.086828433
12.684507 0.10957339
12.801096 0.16200476
12.917685 0.070531624
13.034274 0.029974503
13.150863 0.090565979
13.267451 0.1436099
13.38404 0.052775644
13.500629 0.02139028
13.617218 0.064266821
13.733806 0.1190592
13.850395 0.16860075
13.966984 0.1762069
14.083573 0.14990701
14.200162 0.02666338
14.31675 0
14.433339 0
14.549928 0
14.666517 0.13449976
14.783106 0.045807222
14.899694 0
15.016283 0
15.132872 0
15.249461 0
15.36605 0
15.482638 0
15.599227 0
15.715816 0
15.832405 0
15.948993 0
16.065582 0.011204746
16.182171 0.017365088
16.29876 0
16.415349 0
16.531937 0
16.648526 0
16.765115 0.0029840348
16.881704 0.011036707
16.998293 0.017777193
17.114881 0.012137431
17.23147 0.016802104
17.348059 0.022071015
17.464648 0.0027193472
17.581237 0.015945699
17.697825 0.012002139
17.814414 0.026578653
17.931003 0.014099885
18.047592 0.0060250991
18.16418 0.0004311338
18.280769 0
18.397358 0
18.513947 0
18.630536 0
18.747124 0
18.863713 0
18.980302 0
19.096891 0
19.21348 0
19.330068 0
19.446657 0
19.563246 0
19.679835 0
19.796423 0
19.913012 0
20.029601 0
20.14619 0
-3.1715678 0
-3.054979 0
-2.9383903 0
-2.8218015 0
-2.7052127 0
-2.5886239 0
-2.4720351 0
-2.3554463 0
-2.2388575 0
-2.1222687 0
-2.0056799 0
-1.8890912 0
-1.7725024 0
-1.6559136 0
-1.5393248 0
-1.422736 0
-1.3061472 0
-1.1895584 0.0026461861
-1.0729696 0.00906967
-0.95638085 0.013252417
-0.83979206 0.013928816
-0.72320327 0.014972632
-0.60661448 0.014327682
-0.49002569 0.012796075
-0.37343691 0.010048917
-0.25684812 0.0080790154
-0.14025933 0.0076605781
-0.023670541 0.0076329677
0.092918248 0.0077480593
0.20950704 0.0080420093
0.32609582 0.0090315118
0.44268461 0.011262728
0.5592734 0.013735377
0.67586219 0.021247066
0.79245098 0.032813003
0.90903977 0.02698302
1.0256286 0.036160071
1.1422173 0.046553011
1.2588061 0.077130142
1.3753949 0.10335991
1.4919837 0.1557575
1.6085725 0.16953925
1.7251613 0.11496675
1.8417501 0.16039944
1.9583389 0.20049342
2.0749277 0.16753838
2.1915164 0.1473464
2.3081052 0.18068731
2.424694 0.19060207
2.5412828 0.11271301
2.6578716 0.24966796
2.7744604 0.1685968
2.8910492 0.16319032
3.007638 0.20487086
3.1242267 0.18680822
3.2408155 0.16595207
3.3574043 0.2527604
3.4739931 0.26357698
3.5905819 0.2647151
3.7071707 0.12820536
3.8237595 0.28603343
3.9403483 0.40297336
4.0569371 0.64925556
4.1735258 0.38779693
4.2901146 0.6836215
4.4067034 0.43229862
4.5232922 0.17687862
4.639881 0.17307984
4.7564698 0.18942587
4.8730586 0.13934658
4.9896474 0.10626573
5.1062361 0.17438458
5.2228249 0.14467052
5.3394137 0.096378091
5.4560025 0.10056539
5.5725913 0.18303271
5.6891801 0.15412736
5.8057689 0.073305874
5.9223577 0.038050072
6.0389465 0.050745192
6.1555352 0.058820708
6.272124 0.058317555
6.3887128 0.10580383
6.5053016 0.14622853
6.6218904 0.11851085
6.7384792 0.12953838
6.855068 0.051351213
6.9716568 0.066154323
7.0882456 0.070397048
7.2048343 0.064259069
7.3214231 0.10449847
7.4380119 0.058910791
7.5546007 0.063787449
7.6711895 0.061515759
7.7877783 0.071047488
7.9043671 0.036036856
8.0209559 0.050771868
8.1375446 0.078232354
8.2541334 0.032693753
8.3707222 0.048234651
8.487311 0.048889482
8.6038998 0.03381139
8.7204886 0.02774695
8.8370774 0.034807123
8.9536662 0.040185285
9.070255 0.032154378
9.1868437 0.04241657
9.3034325 0.062486718
9.4200213 0
9.5366101 0.030901448
9.6531989 0.052710545
9.7697877 0.23885328
9.8863765 0.0075650864
10.002965 0.013662725
10.119554 0.022559442
10.236143 0.038103909
10.352732 0.047640027
10.46932 0.063976044
10.585909 0.076083677
10.702498 0.097362183
10.819087 0.14100365
10.935676 0.14243874
11.052264 0
11.168853 0.065904156
11.285442 0.24280561
11.402031 0.50311952
11.51862 0.30935998
11.635208 0.060330965
11.751797 0.40064477
11.868386 0.19839328
11.984975 0.15035989
12.101563 0.86676278
12.218152 0.36186866
12.334741 0.40392058
12.45133 0.44723993
12.567919 0.19221307
12.684507 0.29398972
12.801096 0.47436607
12.917685 0.25923651
13.034274 0.28849003
13.150863 0.46308559
13.267451 0.43413292
13.38404 0.10590235
13.500629 0.029960987
13.617218 0.20643236
13.733806 0.26734819
13.850395 0.22558016
13.966984 0.21184431
14.083573 0.13179211
14.200162 0.034183623
14.31675 0
14.433339 0
14.549928 0
14.666517 1.7522493
14.783106 1.6719522
14.899694 0
15.016283 0
15.132872 0
15.249461 0
15.36605 0
15.482638 0
15.599227 0
15.715816 0
15.832405 0
15.948993 0
16.065582 1.3081955
16.182171 3.04642
16.29876 0
16.415349 0
16.531937 0
16.648526 0
16.765115 0.02078678
16.881704 0.14756927
16.998293 0.12030272
17.114881 0.051062082
17.23147 0.039917324
17.348059 0.10255509
17.464648 0.0046560822
17.581237 0.020791097
17.697825 0.013519783
17.814414 0.042239666
17.931003 0.025938053
18.047592 0.013211173
18.16418 0.000206983
18.280769 0
18.397358 0
18.513947 0
18.630536 0
18.747124 0
18.863713 0
18.980302 0
19.096891 0
19.21348 0
19.330068 0
19.446657 0
19.563246 0
19.679835 0
19.796423 0
19.913012 0
20.029601 0
20.14619 0
-3.1715678 0
-3.054979 0
-2.9383903 0
-2.8218015 0
-2.7052127 0
-2.5886239 0
-2.4720351 0
-2.3554463 0
-2.2388575 0
-2.1222687 0
-2.0056799 0
-1.8890912 0
-1.7725024 0
-1.6559136 0
-1.5393248 0
-1.422736 0
-1.3061472 0
-1.1895584 0.0008158758
-1.0729696 0.0032662199
-0.95638085 0.0054631077
-0.83979206 0.0061866079
-0.72320327 0.0066455696
-0.60661448 0.006875023
-0.49002569 0.0063696657
-0.37343691 0.0048341992
-0.25684812 0.0036350298
-0.14025933 0.0032917062
-0.023670541 0.0032086542
0.092918248 0.0032045634
0.20950704 0.0032935834
0.32609582 0.003809844
0.44268461 0.0046137659
0.5592734 0.0056136001
0.67586219 0.0074284511
0.79245098 0.01103181
0.90903977 0.0093994042
1.0256286 0.012210371
1.1422173 0.020023761
1.2588061 0.028731414
1.3753949 0.038971332
1.4919837 0.055967019
1.6085725 0.04708047
1.7251613 0.04126853
1.8417501 0.06427995
1.9583389 0.068225246
2.0749277 0.077156545
2.1915164 0.06352194
2.3081052 0.070353687
2.424694 0.068431336
2.5412828 0.042589146
2.6578716 0.065513794
2.7744604 0.075728323
2.8910492 0.080689639
3.007638 0.093767297
3.1242267 0.081242433
3.2408155 0.084630176
3.3574043 0.17679613
3.4739931 0.11075457
3.5905819 0.090591982
3.7071707 0.064412422
3.8237595 0.079280792
3.9403483 0.090575497
4.0569371 0.15645738
4.1735258 0.082429326
4.2901146 0.15491524
4.4067034 0.097845361
4.5232922 0.062207891
4.639881 0.09238823
4.7564698 0.093878969
4.8730586 0.048558786
4.9896474 0.046954488
5.1062361 0.12558816
5.2228249 0.10035206
5.3394137 0.063170643
5.4560025 0.083042799
5.5725913 0.135295
5.6891801 0.14449847
5.8057689 0.06695629
5.9223577 0.066485547
6.0389465 0.12109551
6.1555352 0.15140602
6.272124 0.18636328
6.3887128 0.40331183
6.5053016 0.72866737
6.6218904 0.33953006
6.7384792 0.39879574
6.855068 0.17134075
6.9716568 0.21238834
7.0882456 0.24140384
7.2048343 0.21413004
7.3214231 0.27939541
7.4380119 0.13669507
7.5546007 0.22577954
7.6711895 0.24871219
7.7877783 0.22393576
7.9043671 0.09112418
8.0209559 0.21472711
8.1375446 0.24491918
8.2541334 0.12235332
8.3707222 0.16194696
8.487311 0.24288706
8.6038998 0.13290745
8.7204886 0.097028836
8.8370774 0.069794755
8.9536662 0.075215081
9.070255 0.048151047
9.1868437 0.057514431
9.3034325 0.056703031
9.4200213 0
9.5366101 0.12081746
9.6531989 0.14309347
9.7697877 0.81373151
9.8863765 0.025777951
10.002965 0.047820596
10.119554 0.077421942
10.236143 0.1238141
10.352732 0.15078845
10.46932 0.20248358
10.585909 0.23317536
10.702498 0.22962886
10.819087 0.30287235
10.935676 0.30970477
11.052264 0
11.168853 0.17179537
11.285442 0.65321746
11.402031 1.3750135
11.51862 0.82950356
11.635208 0.20479725
11.751797 0.6979729
11.868386 0.36224503
11.984975 0.030515
12.101563 0.70817163
12.218152 0.1581861
12.334741 0.33886003
12.45133 0.51104379
12.567919 0.25035592
12.684507 0.19854725
12.801096 0.43363079
12.917685 0.17917736
13.034274 0.14340245
13.150863 0.54012473
13.267451 0.56979784
13.38404 0.20082785
13.500629 0.3000826
13.617218 0.93558201
13.733806 1.2491126
13.850395 0.76335642
13.966984 0.27985365
14.083573 0.23373998
14.200162 0.071672828
14.31675 0
14.433339 0
14.549928 0
14.666517 0.29401044
14.783106 0.34354678
14.899694 0
15.016283 0
15.132872 0
15.249461 0
15.36605 0
15.482638 0
15.599227 0
15.715816 0
15.832405 0
15.948993 0
16.065582 0.22163948
16.182171 0.67112487
16.29876 0
16.415349 0
16.531937 0
16.648526 0
16.765115 0.0093598353
16.881704 0.024895885
16.998293 0.022540011
17.114881 0.029669832
17.23147 0.03360406
17.348059 0.054662138
17.464648 0.0028916993
17.581237 0.011756062
17.697825 0.0057341049
17.814414 0.019951456
17.931003 0.014031483
18.047592 0.0060624497
18.16418 8.7062e-05
18.280769 0
18.397358 0
18.513947 0
18.630536 0
18.747124 0
18.863713 0
18.980302 0
19.096891 0
19.21348 0
19.330068 0
19.446657 0
19.563246 0
19.679835 0
19.796423 0
19.913012 0
20.029601 0
20.14619 0
-3.1715678 0
-3.054979 0
-2.9383903 0
-2.8218015 0
-2.7052127 0
-2.5886239 0
-2.4720351 0
-2.3554463 0
-2.2388575 0
-2.1222687 0
-2.0056799 0
-1.8890912 0
-1.7725024 0
-1.6559136 0
-1.5393248 0
-1.422736 0
-1.3061472 0
-1.1895584 0.0014370309
-1.0729696 0.0044960863
-0.95638085 0.0065564199
-0.83979206 0.0069006149
-0.72320327 0.006994398
-0.60661448 0.0070056542
-0.49002569 0.006314129
-0.37343691 0.0048294347
-0.25684812 0.0036940613
-0.14025933 0.0033532933
-0.023670541 0.0032797181
0.092918248 0.0032839961
0.20950704 0.0033874122
0.32609582 0.0039227061
0.44268461 0.0047911306
0.5592734 0.0059310995
0.67586219 0.0080207493
0.79245098 0.010710923
0.90903977 0.0089635859
1.0256286 0.010477931
1.1422173 0.016914978
1.2588061 0.025138846
1.3753949 0.039963448
1.4919837 0.065427914
1.6085725 0.055033513
1.7251613 0.054292142
1.8417501 0.092610174
1.9583389 0.13827656
2.0749277 0.14738238
2.1915164 0.13532647
2.3081052 0.16420702
2.424694 0.14925649
2.5412828 0.099197186
2.6578716 0.10353264
2.7744604 0.088392639
2.8910492 0.089179803
3.007638 0.082908189
3.1242267 0.076023764
3.2408155 0.06043761
3.3574043 0.11053937
3.4739931 0.089463407
3.5905819 0.082973541
3.7071707 0.046396316
3.8237595 0.093377863
3.9403483 0.149141
4.0569371 0.21242536
4.1735258 0.11263302
4.2901146 0.26522167
4.4067034 0.24445051
4.5232922 0.15492259
4.639881 0.19493331
4.7564698 0.1771401
4.8730586 0.09806252
4.9896474 0.11438709
5.1062361 0.48025373
5.2228249 0.37274022
5.3394137 0.2842612
5.4560025 0.32398312
5.5725913 0.405343
5.6891801 0.26158876
5.8057689 0.078485301
5.9223577 0.07657218
6.0389465 0.10340695
6.1555352 0.12003644
6.272124 0.11797094
6.3887128 0.2810447
6.5053016 0.56433685
6.6218904 0.40978305
6.7384792 0.60860828
6.855068 0.26934263
6.9716568 0.34879045
7.0882456 0.30138102
7.2048343 0.26817518
7.3214231 0.29665966
7.4380119 0.15403964
7.5546007 0.21353561
7.6711895 0.18900851
7.7877783 0.21119963
7.9043671 0.15613336
8.0209559 0.3641791
8.1375446 0.62622296
8.2541334 0.21078431
8.3707222 0.51133156
8.487311 0.59221696
8.6038998 0.28095506
8.7204886 0.17191784
8.8370774 0.53163956
8.9536662 0.59406932
9.070255 0.45115165
9.1868437 0.47234904
9.3034325 0.51146915
9.4200213 0
9.5366101 0.16794864
9.6531989 0.35946747
9.7697877 0.80099342
9.8863765 0.034436171
10.002965 0.023176211
10.119554 0.030822495
10.236143 0.051634965
10.352732 0.097789634
10.46932 0.11920642
10.585909 0.15210025
10.702498 0.18723883
10.819087 0.17205595
10.935676 0.26546234
11.052264 0
11.168853 0.012269363
11.285442 0.037053003
11.402031 0.072400305
11.51862 0.0095770638
11.635208 0.040007514
11.751797 0.1425662
11.868386 0.13071113
11.984975 0.015619811
12.101563 0.45219672
12.218152 0.15816215
12.334741 0.40159395
12.45133 0.69943704
12.567919 0.34592577
12.684507 0.44957863
12.801096 0.75100187
12.917685 0.28499089
13.034274 0.14227158
13.150863 0.11785499
13.267451 0.26835666
13.38404 0.11865284
13.500629 0.043961267
13.617218 0.33805411
13.733806 0.8218979
13.850395 0.56335383
13.966984 0.38458942
14.083573 0.25980166
14.200162 0.013003967
14.31675 0
14.433339 0
14.549928 0
14.666517 0.14136887
14.783106 0.025798678
14.899694 0
15.016283 0
15.132872 0
15.249461 0
15.36605 0
15.482638 0
15.599227 0
15.715816 0
15.832405 0
15.948993 0
16.065582 0.060647028
16.182171 0.097106968
16.29876 0
16.415349 0
16.531937 0
16.648526 0
16.765115 0.010500831
16.881704 0.026562825
16.998293 0.025188922
17.114881 0.015206543
17.23147 0.02087758
17.348059 0.019260315
17.464648 0.0032830422
17.581237 0.010125062
17.697825 0.0073290593
17.814414 0.019867355
17.931003 0.014980551
18.047592 0.0068691407
18.16418 0.0004217513
18.280769 0
18.397358 0
18.513947 0
18.630536 0
18.747124 0
18.863713 0
18.980302 0
19.096891 0
19.21348 0
19.330068 0
19.446657 0
19.563246 0
19.679835 0
19.796423 0
19.913012 0
20.029601 0
20.14619 0

